0 0 0 1 0
0.01 6E-05 0.06 0.9982 0.000900000000000012
0.0153612409010242 0.000141549556383776 0.0920784028417198 0.995753513308487 0.00212324334575664
0.018994128613986 0.000216336715808698 0.113761165608606 0.993509898525739 0.00324505073713049
0.0218443943954694 0.000286029365783342 0.130734991851691 0.9914191190265 0.00429044048675015
0.0242950168581814 0.000353678163491581 0.145298267296657 0.989389655095253 0.00530517245237372
0.0265260180387942 0.000421464982276878 0.158529054304445 0.987356050531694 0.00632197473415319
0.0286309455759486 0.000490828198180516 0.170986097303133 0.985275154054584 0.00736242297270778
0.0306617665385321 0.000562714690882413 0.182978695103665 0.983118559273528 0.00844072036323623
0.0326486505537905 0.000637754774394583 0.194685510113567 0.980867356768162 0.0095663216159188
0.0346096331639357 0.000716372832773973 0.206212552221263 0.978508815016781 0.0107455924916097
0.0365557154248844 0.00079885760286907 0.217623752098731 0.976034271913928 0.0119828640430361
0.0384937098901477 0.000885407755192449 0.228958007805034 0.973437767344226 0.0132811163278868
0.0404278919477382 0.000976161996664591 0.24023906552627 0.970715140100062 0.0146424299499689
0.0423609834423059 0.00107121918844206 0.251481398014438 0.967863424346738 0.0160682878266309
0.0442947487610121 0.00117065187462933 0.262693762018188 0.96488044376112 0.01755977811944
0.0462303601229484 0.0012745154006361 0.273881374736625 0.961764537980917 0.0191177310095416
0.0481686230487643 0.00138285405847953 0.285047254545443 0.958514378245614 0.0207428108771931
0.0501101161820716 0.00149570522362295 0.296193050391696 0.955128843291312 0.0224355783543442
0.0520552782747022 0.00161310213632164 0.307319556152606 0.951606935910351 0.0241965320448246
0.0540044624331961 0.00173507577075835 0.318427030051542 0.947947726877249 0.0260261365613753
0.0559579700245475 0.00186165609269769 0.32951539311938 0.944150317219069 0.0279248413904653
0.0579160719243534 0.00199287290915226 0.340584352484288 0.940213812725432 0.029893093637284
0.0598790218823448 0.0021287564472805 0.35163347789595 0.936137306581585 0.0319313467092074
0.0618470649783172 0.00226933775470621 0.362662249136949 0.931919867358814 0.0340400663205931
0.0638204430217424 0.00241464898298139 0.373670085301418 0.927560530510558 0.036219734744721
0.0657993980513223 0.00256472359539215 0.384656362773835 0.923058292138236 0.0384708539308822
0.0677841746564092 0.00271959652655132 0.395620426160658 0.91841210420346 0.0407939478982698
0.0697750215714033 0.00287930431204308 0.406561594821386 0.913620870638707 0.0431895646806463
0.0717721928253486 0.00304388520028941 0.417479166645601 0.908683443991318 0.0456582780043412
0.0737759486236285 0.00321337925478104 0.428372420099718 0.903598622356569 0.0482006888217157
0.0757865560730039 0.00338782845216876 0.439240615179294 0.898365146434937 0.0508174267825314
0.0778042898203461 0.00356727677998353 0.450082993661126 0.892981696600494 0.0535091516997531
0.0798294326499877 0.00375177033663751 0.460898778898797 0.887446889900875 0.0562765550495627
0.081862276068848 0.00394135743564601 0.471687175311478 0.88175927693062 0.0591203615346902
0.0839031208987671 0.00413608871556847 0.482447367657197 0.875917338532946 0.0620413307335271
0.0859522778895472 0.00433601725690259 0.493178520145141 0.869919482292922 0.0650402588535389
0.0880100683626455 0.00454119870702348 0.503879775418521 0.863764038789295 0.0681179806053523
0.0900768248934088 0.00475169141419888 0.514550253424977 0.857449257574033 0.0712753712129834
0.0921528920386522 0.004967556571709 0.525189050182137 0.85097330284873 0.0745133485756351
0.0942386271159145 0.00518885837313913 0.535795236439832 0.844334248805826 0.0778328755970871
0.0963344010406793 0.00541566417998625 0.546367856236283 0.837530074600412 0.0812349626997939
0.0984405992280929 0.00564804470282122 0.556905925342582 0.830558658915363 0.0847206705423184
0.100557622566183 0.00588607419737447 0.567408429587453 0.823417774078766 0.0882911129606171
0.102685888468234 0.0061298306770644 0.577874323052297 0.816105079688068 0.0919474601559661
0.104825832012791 0.00637939614366514 0.588302526124692 0.808618115690045 0.0956909421549773
0.106977907180758 0.00663485683801666 0.598691923396683 0.8009542948595 0.09952285257025
0.109142588200206 0.00689630351291899 0.609041361392255 0.79311089461243 0.103444552693785
0.111320371010859 0.00716383173062792 0.619349646106283 0.785085048081162 0.107457475959419
0.113511774861812 0.00743754218768833 0.629615540334865 0.77687373436935 0.111563132815325
0.115717344057833 0.00771754107021017 0.639837760774263 0.768473767893695 0.115763116053153
0.117937649871749 0.00800394044312039 0.650014974862587 0.759881786706388 0.120059106646806
0.120173292642873 0.00829685867742212 0.660145797334798 0.751094239677336 0.124452880161332
0.122424904084309 0.00859642092007344 0.670228786457469 0.742107372397797 0.128946313801102
0.124693149825369 0.00890275961177838 0.680262439904936 0.732917211646648 0.133541394176676
0.126978732219302 0.00921601505878174 0.690245190232812 0.723519548236548 0.138240225881726
0.129282393451205 0.00953633606570029 0.700175399898258 0.713909918028991 0.143045040985504
0.131604918986556 0.0098638806375371 0.710051355768569 0.704083580873887 0.147958209563056
0.133947141407374 0.0101988167603476 0.719871263050404 0.694035497189572 0.152982251405214
0.136304034563107 0.0105404607554024 0.729609001428758 0.683786177337928 0.158106911331036
0.13866203280552 0.0108868241064455 0.739205127728662 0.673395276806636 0.163302361596682
0.141012812220577 0.0112365973183364 0.748624420618477 0.662902080449908 0.168548959775046
0.14335143908114 0.0115889220416716 0.757847068305854 0.652332338749851 0.173833830625074
0.14567513522743 0.0119432354386305 0.766862876703747 0.641702936841086 0.179148531579457
0.14798247442566 0.0122991665062913 0.775667554232569 0.63102500481126 0.18448749759437
0.150272867257314 0.0126564680732671 0.784260366422054 0.620305957801986 0.189847021099007
0.15254623440782 0.0130149726344191 0.792642672090157 0.609550820967426 0.195224589516287
0.15480280109469 0.013374563852395 0.800817018207846 0.598763084428151 0.200618457785925
0.157042968620877 0.0137351582475821 0.808786585235842 0.587945252572536 0.206027373713732
0.159267234702217 0.0140966934681973 0.816554850731859 0.57709919595408 0.21145040202296
0.161476144486787 0.0144591207904288 0.824125388115314 0.566226376287135 0.216886811856433
0.163670260807318 0.0148224003291199 0.831501748682204 0.555327990126402 0.222336004936799
0.165850146436809 0.0151864979812962 0.838687394605214 0.544405060561115 0.227797469719442
0.168016353800424 0.0155513834755845 0.845685662938762 0.533458495732466 0.233270752133767
0.170169419291658 0.0159170291264687 0.852499748297951 0.522489126205939 0.238755436897031
0.172309860408397 0.0162834090373002 0.859132696628288 0.511497728880993 0.244251135559504
0.1744381745956 0.0166504985887871 0.865587405422318 0.500485042336386 0.249757478831807
0.176554839102334 0.0170182741089817 0.8718666275549 0.489451776730548 0.255274111634726
0.178660311424687 0.017386712658616 0.877972977027455 0.47839862024152 0.26080068987924
0.180755030070979 0.0177557918897384 0.883908935598939 0.467326243307848 0.266336878346076
0.182839415488574 0.0181254899509509 0.889676859702136 0.456235301471471 0.271882349264264
0.184913871055635 0.0184957854223007 0.895278987300416 0.445126437330979 0.277436781334511
0.186978784080845 0.0188666572690806 0.900717444495417 0.434000281927582 0.282999859036209
0.189034526778595 0.019238084807729 0.90599425178934 0.422857455768129 0.288571272115936
0.191081457202124 0.0196100476795145 0.911111329960688 0.411698569614564 0.294150715192718
0.193119920126185 0.0199825258292734 0.916070505544275 0.400524225121799 0.299737887439101
0.195150247876206 0.0203554994874697 0.920873515924277 0.389335015375909 0.305332492312045
0.197172761104086 0.0207289491544817 0.925522014058548 0.378131525365549 0.310934237317225
0.199187769512511 0.0211028555864173 0.93001757285694 0.36691433240748 0.31654283379626
0.201195572530594 0.0214771997820165 0.934361689237855 0.355684006539506 0.322157996730247
0.203196459944055 0.0218519629703554 0.938555787887193 0.344441110889339 0.32777944455533
0.205190712483249 0.0222271265991699 0.942601224742805 0.333186202024904 0.333406898987548
0.20717860237232 0.0226026723236773 0.946499290226138 0.321919830289682 0.339040084855159
0.20916039384257 0.0229785819958161 0.950251212241095 0.310642540125518 0.344678729937241
0.211136343612956 0.0233548376538478 0.95385815895848 0.299354870384566 0.350322564807717
0.213106701340411 0.0237314215122812 0.957321241402808 0.288057354631563 0.355971322684219
0.215071710042471 0.0241083159520888 0.960641515856704 0.276750521437336 0.361624739281332
0.217031606494469 0.0244855035111908 0.963819986096778 0.265434894664277 0.367282552667861
0.218986621603388 0.0248629668751877 0.966857605473534 0.254110993744368 0.372944503127816
0.220936980760273 0.0252406888683239 0.969755278846737 0.242779333950283 0.378610333024858
0.222882904172926 0.0256186524446645 0.97251386438661 0.231440426660065 0.384279786669968
0.224824607180503 0.0259968406794738 0.975134175250281 0.220094779615785 0.389952610192107
0.226762300551435 0.0263752367607785 0.977616981142031 0.208742897176644 0.395628551411678
0.228696190766038 0.0267538239811038 0.979963009765132 0.197385280566885 0.401307359716558
0.230626480285024 0.027132585729369 0.982172948172351 0.18602242811893 0.406988785940535
0.23255336780504 0.0275115054829294 0.984247444021575 0.174654835512119 0.412672582243941
0.234477048502283 0.0278905667997528 0.986187106742406 0.163282996007415 0.418358501996293
0.236397714265146 0.0282697533107183 0.987992508619086 0.151907400678449 0.424046299660775
0.238315553916787 0.0286490487120245 0.989664185794603 0.140528538639264 0.429735730680368
0.240230753428433 0.0290284367576967 0.991202639200411 0.1291468972691 0.43542655136545
0.242143496124206 0.0294079012521803 0.992608335415796 0.11776296243459 0.441118518782705
0.24405396287816 0.0297874260430102 0.993881707460549 0.106377218709693 0.446811390645154
0.245962332304212 0.0301669950135431 0.99502315552427 0.0949901495937076 0.452504925203146
0.247868780939585 0.0305465920757427 0.996033047635331 0.0836022377277184 0.458198881136141
0.249773483422342 0.0309262011630069 0.996911720272216 0.0722139651097921 0.463893017445104
0.251676612663569 0.0313058062230242 0.997659478919727 0.0608258133092751 0.469587093345362
0.253578340014731 0.0316853912106494 0.998276598572247 0.0494382636805175 0.475280868159741
0.255478835430682 0.0320649400807879 0.998763324186083 0.0380517975763637 0.480974101211818
0.257378267628807 0.0324444367812752 0.999119871082636 0.0266668965617447 0.486666551719128
0.25927680424474 0.0328238652457429 0.999346425303987 0.0152840426277122 0.492357978686144
0.261174611985093 0.0332032093864581 0.999443143922281 0.00390371840625706 0.498048140796871
0.261695763567586 0.0333073821174598 0.999446998227306 0.000778536476206995 0.499610731761897
0.261786411037054 0.0333255015840758 0.99944666982769 0.000234952477725694 0.499882523761137
0.261799387803074 0.033328095501104 0.999446598596958 0.000157134966879461 0.49992143251656
0.261825341335113 0.0333332833345187 0.999446425587135 0.000157134966879461 0.49992143251656
0.261877248399192 0.0333436589986537 0.999446079486703 0.000157134966879461 0.49992143251656
0.26198106252735 0.0333644103161431 0.999445386962697 0.000157134966879461 0.49992143251656
0.262188690783665 0.0334059129079722 0.999444000622118 0.000157134966879461 0.49992143251656
0.262603947296296 0.0334889179188168 0.999441222770697 0.000157134966879461 0.49992143251656
0.263434460321557 0.0336549272475348 0.999435646386861 0.000157134966879461 0.49992143251656
0.26509548637208 0.0339869431193448 0.999424410895674 0.000157134966879461 0.49992143251656
0.268417538473126 0.0346509636105367 0.999401609022956 0.000157134966879461 0.49992143251656
0.275061642675218 0.0359789587038277 0.999354681746265 0.000157134966879461 0.49992143251656
0.288349851079402 0.0386347582992164 0.99925553331529 0.000157134966879461 0.49992143251656
0.314926267887769 0.0439455388503293 0.999036063025137 0.000157134966879461 0.49992143251656
0.368079101504504 0.0545633752577716 0.998512447034517 0.000157134966879461 0.49992143251656
0.451521095139129 0.0712193510853235 0.997462827490017 0.000157134966879461 0.49992143251656
0.562146022549494 0.0932707701927447 0.9956429638819 0.000157134966879461 0.49992143251656
0.694126560374815 0.119519375549598 0.992834119244171 0.000157134966879461 0.49992143251656
0.841567715912466 0.148744333127763 0.988878041955705 0.000157134966879461 0.49992143251656
0.999690145899424 0.179942712711439 0.98367958639846 0.000157134966879461 0.49992143251656
1.1650428079337 0.212375122267571 0.97719087952222 0.000157134966879461 0.49992143251656
1.3353055130872 0.245527822287654 0.969392403631198 0.000157134966879461 0.49992143251656
1.36747046091441 0.251758930664128 0.949770673406862 -0.186776116327322 0.593388058163661
1.37330170733712 0.252862618201399 0.942360270089949 -0.21988674244547 0.609943371222735
1.37717732507202 0.253591006200678 0.936796021950289 -0.241738382423816 0.620869191211908
1.38018550350936 0.254153257709445 0.932127540341703 -0.258605927686847 0.629302963843424
1.38275692481833 0.254631576649506 0.927895859720638 -0.272955495888658 0.636477747944329
1.38509110399801 0.255063831640987 0.923863125517779 -0.2859231456331 0.64296157281655
1.38729075515724 0.255469412220123 0.919896777320283 -0.298090563007185 0.649045281503592
1.38941260172178 0.255858959935933 0.915918717876616 -0.309776994481466 0.654888497240733
1.39148945689378 0.256238582267373 0.911881078912178 -0.321165664424669 0.660582832212334
1.39354089964086 0.256611884105811 0.907753676196379 -0.332364719577804 0.666182359788902
1.39557886748033 0.256981029100862 0.903517052451222 -0.343439069429355 0.671719534714678
1.39761076161465 0.257347327329042 0.899158410625192 -0.354428016274735 0.677214008137367
1.3996412421765 0.257711574091499 0.894669145812588 -0.365355419148447 0.682677709574224
1.40167329489897 0.258074250599393 0.890043308943197 -0.37623571438527 0.688117857192635
1.40370887639352 0.258435644969729 0.885276634628807 -0.387077545495367 0.693538772747683
1.40574930909697 0.258795926002661 0.88036591956481 -0.397885976483308 0.698942988241654
1.407795524849 0.25915518848464 0.875308622426834 -0.408663850942701 0.70433192547135
1.4098482158863 0.259513481125237 0.870102605142883 -0.419412630160597 0.709706315080298
1.41190792879781 0.259870823825944 0.864745964915157 -0.430132911181801 0.7150664555909
1.41397512318288 0.260227218366222 0.859236924648351 -0.440824747390151 0.720412373695075
1.41605020841037 0.26058265501623 0.853573760986455 -0.451487846890391 0.725743923445195
1.41813356677403 0.260937116624602 0.847754756535022 -0.462121695141556 0.731060847570778
1.42022556819646 0.261290581139213 0.841778167588389 -0.472725630579883 0.736362815289941
1.4223265796874 0.261643023154497 0.835642201741717 -0.483298891038409 0.741649445519204
1.42443697155508 0.261994414853421 0.829345001745428 -0.493840642006109 0.746920321003054
1.42655712161763 0.262344726572433 0.822884633237682 -0.504349993576488 0.752174996788244
1.4286874181946 0.262693927131013 0.816259074815682 -0.51482601033389 0.757413005166945
1.43082826236762 0.263041984013567 0.809466209438179 -0.525267716810493 0.762633858405246
1.43298006981799 0.263388863458007 0.802503816492958 -0.535674100143696 0.767837050071848
1.43514327243687 0.263734530484553 0.795369564081138 -0.54604411094008 0.77302205547004
1.43731831983379 0.264078948885367 0.788061001208164 -0.556376662964506 0.778188331482253
1.43950568082628 0.2644220811876 0.780575549657357 -0.56667063203149 0.783335316015745
1.44170584496738 0.264763888597397 0.772910495373944 -0.5769248543254 0.7884624271627
1.4439193241519 0.26510433092927 0.76506297921709 -0.587138124281596 0.793569062140798
1.44614665433344 0.265443366523249 0.757029986952073 -0.59730919210096 0.79865459605048
1.44838839737944 0.26578095215095 0.748808338359006 -0.607436760931979 0.803718380465989
1.4506451430897 0.266117042910862 0.740394675331271 -0.617519483729333 0.808759741864666
1.45291751140371 0.266451592112569 0.731785448827768 -0.627555959780569 0.813777979890284
1.45520615482381 0.266784551149206 0.722976904529122 -0.637544730879673 0.818772365439836
1.45751176108364 0.267115869357086 0.713965067029435 -0.647484277116059 0.82374213855803
1.4598350560951 0.267445493861162 0.704745722371903 -0.657373012238344 0.828686506119172
1.4621768072116 0.267773369404661 0.695314398708287 -0.667209278543301 0.83360463927165
1.46453782685104 0.268099438160915 0.685666344828088 -0.676991341230938 0.838495670615469
1.4669189765291 0.268423639525088 0.675796506262272 -0.686717382156133 0.843358691078066
1.46932117136161 0.268745909883057 0.66569949861719 -0.696385492895184 0.848192746447592
1.47172855581694 0.269063976116458 0.655441775742728 -0.705927479897211 0.852963739948606
1.47413087679237 0.269376416959155 0.645069150426388 -0.715300705178127 0.857650352589063
1.47652198350576 0.269682418199361 0.634611707173193 -0.724480742384323 0.862240371192161
1.47889834802987 0.269981546757595 0.624089173765619 -0.733454599131349 0.866727299565675
1.48125809465108 0.270273604651129 0.613514531327723 -0.742216335937362 0.871108167968681
1.48360037456817 0.270558536346485 0.602896395843304 -0.750764286798049 0.875382143399025
1.48592496793851 0.270836370740458 0.592240570811642 -0.759099318617219 0.87954965930861
1.48823203285312 0.271107185192276 0.581551051796084 -0.76722375217178 0.88361187608589
1.49052194816237 0.271371083431145 0.570830673059878 -0.775140699337831 0.887570349668915
1.49279521578242 0.271628182122733 0.560081522386274 -0.782853660085476 0.891426830042738
1.49505240048905 0.271878602805229 0.549305206570232 -0.790366280560358 0.895183140280179
1.49729409323127 0.272122467136675 0.538503021077465 -0.797682210503736 0.898841105251868
1.49952088913938 0.27235989417262 0.527676058366142 -0.804805021582083 0.902402510791042
1.50173337467176 0.272590998880182 0.516825277027248 -0.811738162808952 0.905869081404476
1.50393212041261 0.27281589139825 0.505951545934328 -0.818484938350985 0.909242469175492
1.5061176773375 0.273034676742151 0.495055672472718 -0.825048498668014 0.912524249334007
1.50829057518342 0.273247454767943 0.484138420636131 -0.831431839441779 0.91571591972089
1.51045132207534 0.273454320283652 0.47320052267907 -0.837637804913051 0.918818902456525
1.51260040488357 0.273655363239266 0.462242686673053 -0.843669093581469 0.921834546790735
1.5147382899885 0.273850668954638 0.451265601459754 -0.849528265042629 0.924764132521315
1.51686542425486 0.274040318361194 0.440269939949752 -0.855217747239299 0.927608873619649
1.51898223609637 0.274224388243551 0.42925636136911 -0.860739843710014 0.930369921855007
1.52108913656013 0.274402951473348 0.418225512835777 -0.866096740603915 0.933048370301957
1.52318652039026 0.274576077231291 0.407178030507955 -0.87129051334223 0.935645256671115
1.52377308291605 0.27462366255328 0.404076896659587 -0.872718073001896 0.936359036500948
1.52471342625114 0.274699651899913 0.404025241407375 -0.872718073001896 0.936359036500948
1.52659411292132 0.274851601444943 0.403921888032045 -0.872718073001896 0.936359036500948
1.53035548626169 0.275155383877569 0.403715009841632 -0.872718073001896 0.936359036500948
1.53787823294242 0.275762481597302 0.403300568052965 -0.872718073001896 0.936359036500948
1.55292372630389 0.276974804331367 0.402468945657973 -0.872718073001896 0.936359036500948
1.58301471302682 0.279391926037831 0.400794768175173 -0.872718073001896 0.936359036500948
1.64319668647269 0.284195811632643 0.397402864150052 -0.872718073001896 0.936359036500948
1.75650504655863 0.293128650423273 0.390860468483799 -0.872718073001896 0.936359036500948
1.92513391377638 0.306144015694239 0.380752190249524 -0.872718073001896 0.936359036500948
2.14223048487318 0.322387437692912 0.367100723006349 -0.872718073001896 0.936359036500948
2.39813234899844 0.340753553807092 0.350120016324431 -0.872718073001896 0.936359036500948
2.68433624773627 0.360236455867383 0.330041431884034 -0.872718073001896 0.936359036500948
2.99493086895189 0.380043241423527 0.307027155310928 -0.872718073001896 0.936359036500948
3.31949478950964 0.399172540557263 0.281710634941034 -0.872718073001896 0.936359036500948
3.64867244416553 0.416854039586787 0.254820387184515 -0.872718073001896 0.936359036500948
3.976714671229 0.432675241589571 0.226922808568084 -0.872718073001896 0.936359036500948
4.30052152783526 0.446463746256479 0.198426305460833 -0.872718073001896 0.936359036500948
4.61873181372619 0.458187845924352 0.169610590025902 -0.872718073001896 0.936359036500948
4.93103454568247 0.467888047380688 0.14066107423835 -0.872718073001896 0.936359036500948
5.23770710878704 0.47563534654177 0.111698810865408 -0.872718073001896 0.936359036500948
5.53932860409029 0.481508075492337 0.0828032048144073 -0.872718073001896 0.936359036500948
5.83661247658115 0.485580195435724 0.0540279286135315 -0.872718073001896 0.936359036500948
6.13031464247545 0.487916087068073 0.0254115275683487 -0.872718073001896 0.936359036500948
6.42118715103516 0.48856876948776 -0.0030157474429422 -0.872718073001896 0.936359036500948
6.70995832465583 0.487579774124705 -0.0312276332441713 -0.872718073001896 0.936359036500948
6.99732782485552 0.4849797015072 -0.0591991681166665 -0.872718073001896 0.936359036500948
7.28396990675409 0.480788952577837 -0.0869050059465841 -0.872718073001896 0.936359036500948
7.57054109699532 0.475018381303704 -0.114318320347707 -0.872718073001896 0.936359036500948
7.85769032908525 0.467669747936729 -0.141410031417845 -0.872718073001896 0.936359036500948
8.14607065790221 0.458735915278036 -0.168148180301164 -0.872718073001896 0.936359036500948
8.43635235304119 0.448200753983375 -0.194497333164957 -0.872718073001896 0.936359036500948
8.72923763312309 0.436038723568719 -0.22041792726039 -0.872718073001896 0.936359036500948
9.02547768129583 0.422214080915828 -0.245865484293804 -0.872718073001896 0.936359036500948
9.32589297670687 0.406679639571848 -0.270789613861302 -0.872718073001896 0.936359036500948
9.63139848617692 0.389374958154598 -0.295132712478548 -0.872718073001896 0.936359036500948
9.94303601093375 0.37022376662657 -0.318828228449263 -0.872718073001896 0.936359036500948
10.2620171735262 0.349130329002975 -0.341798300994725 -0.872718073001896 0.936359036500948
10.5897825113113 0.325974259647555 -0.363950476411104 -0.872718073001896 0.936359036500948
10.9280855859842 0.300602998240409 -0.385173020126153 -0.872718073001896 0.936359036500948
11.2695784178691 0.273595122632144 -0.404805416784045 -0.872718073001896 0.936359036500948
11.6082474447227 0.245548502111286 -0.422408458582909 -0.872718073001896 0.936359036500948
11.9410020276702 0.216893061851676 -0.43781450775979 -0.872718073001896 0.936359036500948
12.2666289664921 0.187920266243929 -0.45101129764911 -0.872718073001896 0.936359036500948
12.5850147125874 0.158820164938171 -0.462063148839756 -0.872718073001896 0.936359036500948
12.8966345556982 0.129714104986374 -0.471064061170162 -0.872718073001896 0.936359036500948
13.2022436730372 0.100679512607088 -0.478112505028988 -0.872718073001896 0.936359036500948
13.5027024521139 0.0717671148802734 -0.483299277018319 -0.872718073001896 0.936359036500948
13.7988846729088 0.0430122704095606 -0.486702567685925 -0.872718073001896 0.936359036500948
14.0916342517112 0.0144421510474232 -0.488386701751076 -0.872718073001896 0.936359036500948
14.3817492720827 -0.0139198235092385 -0.488402560555302 -0.872718073001896 0.936359036500948
14.6699807284064 -0.0420512913222203 -0.486788630326706 -0.872718073001896 0.936359036500948
14.9570388419886 -0.069929313995792 -0.483572146809791 -0.872718073001896 0.936359036500948
15.2436030755424 -0.0975293597289239 -0.47877008895386 -0.872718073001896 0.936359036500948
15.530333891368 -0.124824620699251 -0.472389916926242 -0.872718073001896 0.936359036500948
15.8178854185646 -0.15178548443399 -0.464430015336305 -0.872718073001896 0.936359036500948
16.1069188599198 -0.178379041364403 -0.454879826416639 -0.872718073001896 0.936359036500948
16.3981168937154 -0.204568545941704 -0.443719658715532 -0.872718073001896 0.936359036500948
16.6921996460307 -0.230312764795839 -0.430920143587379 -0.872718073001896 0.936359036500948
16.9899431214566 -0.255565147078107 -0.41644128742252 -0.872718073001896 0.936359036500948
17.2922013682312 -0.280272740881513 -0.400231030845992 -0.872718073001896 0.936359036500948
17.599934214532 -0.304374753946732 -0.382223171579924 -0.872718073001896 0.936359036500948
17.9142432882611 -0.327800611331374 -0.362334424159895 -0.872718073001896 0.936359036500948
18.2364204645268 -0.350467285830876 -0.340460256358201 -0.872718073001896 0.936359036500948
18.5680153184775 -0.372275545987684 -0.316468919514443 -0.872718073001896 0.936359036500948
18.9084579525073 -0.39296050494339 -0.290387643553438 -0.872718073001896 0.936359036500948
19.2493660256364 -0.411846219198642 -0.262919994593523 -0.872718073001896 0.936359036500948
19.5859837870296 -0.428613588800043 -0.234597206854309 -0.872718073001896 0.936359036500948
19.9160513304158 -0.44316627097469 -0.205791758092471 -0.872718073001896 0.936359036500948
20.2388533391597 -0.455528700968752 -0.17675189089389 -0.872718073001896 0.936359036500948
20.5545495851337 -0.465780685313751 -0.147637834295735 -0.872718073001896 0.936359036500948
20.8637502358515 -0.474020008557301 -0.118551597669414 -0.872718073001896 0.936359036500948
21.1672657047776 -0.480343107298556 -0.089558693282136 -0.872718073001896 0.936359036500948
21.4659688530038 -0.484836241480969 -0.060702878678232 -0.872718073001896 0.936359036500948
21.760725042652 -0.487572288125756 -0.0320157032571437 -0.872718073001896 0.936359036500948
22.0523612986309 -0.488610298995713 -0.0035224921280457 -0.872718073001896 0.936359036500948
22.3416571078182 -0.487996251337672 0.0247539863298107 -0.872718073001896 0.936359036500948
22.629346689216 -0.485764175468234 0.0527912983642827 -0.872718073001896 0.936359036500948
22.9161270534571 -0.481937260072238 0.0805659895284185 -0.872718073001896 0.936359036500948
23.2026688380095 -0.476528754903234 0.1080527227013 -0.872718073001896 0.936359036500948
23.489628465092 -0.469542598007191 0.135223671644074 -0.872718073001896 0.936359036500948
23.777661082566 -0.460973741122421 0.162048017689945 -0.872718073001896 0.936359036500948
24.0674343009192 -0.450808160361397 0.188491447960172 -0.872718073001896 0.936359036500948
24.3596431108091 -0.4390225340162 0.214515580593298 -0.872718073001896 0.936359036500948
24.6550266727614 -0.425583551716373 0.240077252664909 -0.872718073001896 0.936359036500948
24.9543880019853 -0.410446790449858 0.265127603162992 -0.872718073001896 0.936359036500948
25.2586180124953 -0.393555050314447 0.289610866962693 -0.872718073001896 0.936359036500948
25.568726045508 -0.37483597894727 0.313462763350406 -0.872718073001896 0.936359036500948
25.8858800594529 -0.354198714175917 0.336608306907555 -0.872718073001896 0.936359036500948
26.2114614057065 -0.331529112996235 0.358958774506806 -0.872718073001896 0.936359036500948
26.5471421280771 -0.306682860581672 0.38040740033122 -0.872718073001896 0.936359036500948
26.8881534566814 -0.280024938797782 0.400439124439941 -0.872718073001896 0.936359036500948
27.2275787597985 -0.252195873691627 0.418525946268663 -0.872718073001896 0.936359036500948
27.5617022103739 -0.223664911745943 0.434444385364891 -0.872718073001896 0.936359036500948
27.8889202221098 -0.194754342827176 0.448151489562793 -0.872718073001896 0.936359036500948
28.2088949314253 -0.165676120456172 0.459697113229186 -0.872718073001896 0.936359036500948
28.5219833635165 -0.136566144838207 0.469170138222532 -0.872718073001896 0.936359036500948
28.828885487433 -0.107511022121957 0.476668813690859 -0.872718073001896 0.936359036500948
29.1304417087432 -0.0785670000887445 0.482286008628119 -0.872718073001896 0.936359036500948
29.427524125162 -0.0497725782527057 0.486102871869694 -0.872718073001896 0.936359036500948
29.7209834243876 -0.0211565699700843 0.488186869411361 -0.872718073001896 0.936359036500948
30 0.00611881662733847 0.488607366760914 -0.872718073001896 0.936359036500948


0 2.99514267522346
0.05 2.99325427314333
0.1 2.58954386684709
0.15 2.26844094561728
0.2 1.44464337362912
0.25 1.93581682812264
0.3 1.38709780670511
0.35 1.71193053428602
0.4 1.39731678173346
0.45 1.58440175278555
0.5 1.39481028711601
0.55 1.49224556806567
0.6 1.37510286234737
0.65 1.40831231220002
0.7 1.38771921842851
0.75 1.35551484892614
0.8 1.27929092202099
0.85 1.28985128003252
0.9 1.22848812727408
0.95 1.19936371164901
1 1.19050988103291
1.05 1.15828961266635
1.1 1.10829251947738
1.15 1.07291256313505
1.2 1.04061981729833
1.25 1.00284092566115
1.3 0.968737300626347
1.35 0.930350589213478
1.4 0.900167782931024
1.45 0.853682079090343
1.5 0.815110307088226
1.55 0.77624373789219
1.6 0.732655946332696
1.65 0.694112442671673
1.7 0.65448785480511
1.75 0.610296794585434
1.8 0.572137543176806
1.85 0.527863606945762
1.9 0.489759408743633
1.95 0.450870473249515
2 0.404581138126322
2.05 0.360980523481628
2.1 0.330119659957019
2.15 0.289077779521296
2.2 0.241774029319788
2.25 0.198888670540685
2.3 0.166464082775545
2.35 0.126766036935743
2.4 0.0901332278740086
2.45 0.0465715744370743
2.5 0.0163148618002913
2.55 -0.0212579705808064
2.6 -0.0542474242856816
2.65 -0.0894743131392196
2.7 -0.126121920061941
2.75 -0.151061647396733
2.8 -0.185001708666515
2.85 -0.214955472001625
2.9 -0.246708640087555
2.95 -0.265515023377395
3 -0.29242358614234
3.05 -0.315530594967072
3.1 -0.341684090825147
3.15 -0.362219873725374
3.2 -0.384062486965587
3.25 -0.401276958067318
3.3 -0.416918065586499
3.35 -0.432958818073735
3.4 -0.446306600333731
3.45 -0.460589587590684
3.5 -0.470447984493304
3.55 -0.479387878581468
3.6 -0.48771599532474
3.65 -0.492278145168463
3.7 -0.496964749062008
3.75 -0.499183420320119
3.8 -0.499978030285343
3.85 -0.498986135484463
3.9 -0.496319475670961
3.95 -0.491941541113351
4 -0.486404428485415
4.05 -0.478385546370054
4.1 -0.469131100450582
4.15 -0.458981726005129
4.2 -0.44689444120379
4.25 -0.433300925542057
4.3 -0.415705384470202
4.35 -0.399472810825437
4.4 -0.381265844451084
4.45 -0.363343150470846
4.5 -0.34165041593478
4.55 -0.320077032412566
4.6 -0.294601737758471
4.65 -0.271429531915561
4.7 -0.242205188126784
4.75 -0.217042558368861
4.8 -0.190832339658321
4.85 -0.160596935673577
4.9 -0.131415198986756
4.95 -0.0986854146113102
5 -0.067101569621526
5.05 -0.0352718243827247
5.1 0.00254418443989346
5.15 0.0324101020680204
5.2 0.0676861547668148
5.25 0.103002267071131
5.3 0.139851391543351
5.35 0.178344640691477
5.4 0.211610020961419
5.45 0.24993613945577
5.5 0.287459652958751
5.55 0.326919250258814
5.6 0.363764825179186
5.65 0.403848499145876
5.7 0.437439307107978
5.75 0.474152108967788
5.8 0.511757127331286
5.85 0.552832710176448
5.9 0.589115867606146
5.95 0.622940427057025
6 0.659309020714899
6.05 0.69517045907841
6.1 0.732141717715594
6.15 0.76884838674791
6.2 0.801904216423531
6.25 0.83471989761612
6.3 0.865423137504434
6.35 0.897516599926656
6.4 0.928439461097536
6.45 0.958216238904489
6.5 0.988388654020537
6.55 1.01565158876015
6.6 1.04259851070296
6.65 1.07256228831618
6.7 1.09753279536321
6.75 1.11697045653229
6.8 1.14372217254092
6.85 1.16413089045697
6.9 1.18472145877859
6.95 1.20300787588066
7 1.21890507160154
7.05 1.23535838266687
7.1 1.25091962560432
7.15 1.2620283537861
7.2 1.27403633269427
7.25 1.28339664136299
7.3 1.29295336273678
7.35 1.29899517959941
7.4 1.30676107056996
7.45 1.31024028016185
7.5 1.31379489588545
7.55 1.31514903675375
7.6 1.31568776552053
7.65 1.31331545363335
7.7 1.31098615082033
7.75 1.30561664262545
7.8 1.30150893101665
7.85 1.29430586359057
7.9 1.28621354987163
7.95 1.27503560072624
8 1.26560391877279
8.05 1.25186576359629
8.1 1.23836905352306
8.15 1.22239927370441
8.2 1.20694964657935
8.25 1.18847150885809
8.3 1.16825895180387
8.35 1.15217544833673
8.4 1.12813872451117
8.45 1.1062834026453
8.5 1.08183659245053
8.55 1.06089550826466
8.6 1.03386658231338
8.65 1.00665596153622
8.7 0.977069845494157
8.75 0.950935775602769
8.8 0.924026902499492
8.85 0.894420268720067
8.9 0.862636241701717
8.95 0.834830137408501
9 0.799582769905956
9.05 0.770787614654748
9.1 0.737083338852159
9.15 0.704491802868452
9.2 0.67290334567264
9.25 0.640499151873817
9.3 0.602760262917481
9.35 0.568975863123863
9.4 0.540888534796667
9.45 0.505336629257349
9.5 0.47333291239304
9.55 0.439780113213296
9.6 0.400380035682583
9.65 0.365146101532119
9.7 0.332973915722826
9.75 0.301314562426243
9.8 0.263006802976763
9.85 0.236251088743
9.9 0.201409331343457
9.95 0.165252170499866
10 0.136011195316797
10.05 0.104353402941629
10.1 0.0714438490102353
10.15 0.0428778293623472
10.2 0.0119703377495017
10.25 -0.0193838476360189
10.3 -0.0486102340977923
10.35 -0.0735475606563927
10.4 -0.102338562987763
10.45 -0.13457572206507
10.5 -0.157250587258968
10.55 -0.179933310302738
10.6 -0.206932008436336
10.65 -0.224810600658605
10.7 -0.252097702780363
10.75 -0.273215393553696
10.8 -0.290393089361937
10.85 -0.311965654778873
10.9 -0.335898679061623
10.95 -0.349742995018723
11 -0.36908137588858
11.05 -0.382594496033834
11.1 -0.397299023278488
11.15 -0.412049724426795
11.2 -0.423342681473416
11.25 -0.436562462426172
11.3 -0.445777744966216
11.35 -0.455448356731016
11.4 -0.466189272503703
11.45 -0.472242076642708
11.5 -0.480654337996292
11.55 -0.485459879914538
11.6 -0.490969516452968
11.65 -0.494816518828079
11.7 -0.497736625692212
11.75 -0.498969586849863
11.8 -0.499900211455403
11.85 -0.49978091517183
11.9 -0.498957017517019
11.95 -0.497219533426171
12 -0.494355679713071
12.05 -0.49142536251536
12.1 -0.486619637089875
12.15 -0.480760863926345
12.2 -0.475429819144102
12.25 -0.46985510009688
12.3 -0.462151258831139
12.35 -0.453133029147285
12.4 -0.446561206906411
12.45 -0.434964151787884
12.5 -0.424844605479278
12.55 -0.417620555722434
12.6 -0.404258712081286
12.65 -0.391468688966197
12.7 -0.383695079289019
12.75 -0.368442505099908
12.8 -0.355994960369638
12.85 -0.342722860792456
12.9 -0.332333477565798
12.95 -0.31774162664986
13 -0.301803225106196
13.05 -0.292759598068993
13.1 -0.275391455497824
13.15 -0.260968527258844
13.2 -0.244468257791997
13.25 -0.233292956497991
13.3 -0.217985680799057
13.35 -0.200656652501679
13.4 -0.182956639399212
13.45 -0.174608669923967
13.5 -0.157629919725035
13.55 -0.141836464485272
13.6 -0.133094547197028
13.65 -0.116928167278781
13.7 -0.0995959939439248
13.75 -0.084437910424761
13.8 -0.0792395685320365
13.85 -0.0615621472908002
13.9 -0.0462706037420429
13.95 -0.0331139259421724
14 -0.0280556029985135
14.05 -0.013492394670061
14.1 0.000938854386147603
14.15 0.0141150075136025
14.2 0.0176319222467201
14.25 0.0323105267309937
14.3 0.0417975094545507
14.35 0.0542078687120033
14.4 0.0558001158039181
14.45 0.068112161039293
14.5 0.0766521479145545
14.55 0.0865747554945777
14.6 0.0890737678421664
14.65 0.0962124174471869
14.7 0.103873127767053
14.75 0.102367471005271
14.8 0.111519408702351
14.85 0.115685799761474
14.9 0.122367337408848
14.95 0.119249796889275
15 0.123714185936632
15.05 0.128404153057427
15.1 0.130941150603333
15.15 0.127132807636705
15.2 0.129453172289136
15.25 0.130413435791929
15.3 0.124133585363492
15.35 0.126199399591447
15.4 0.125593000400642
15.45 0.118173443219803
15.5 0.116618454511491
15.55 0.114565684394428
15.6 0.11518130312032
15.65 0.104683250867879
15.7 0.100764553364704
15.75 0.0991634784342205
15.8 0.0881904998158052
15.85 0.0830016933559576
15.9 0.0801288107054207
15.95 0.0692938643447213
16 0.0627908614984148
16.05 0.0551359030599481
16.1 0.04487529930205
16.15 0.039376955346952
16.2 0.0294757508477401
16.25 0.0198246041453297
16.3 0.00928270887353888
16.35 0.00534062601657737
16.4 -0.00277145289550529
16.45 -0.0165933706004692
16.5 -0.0251625210670801
16.55 -0.0343196754629439
16.6 -0.048708239910308
16.65 -0.0581954122647594
16.7 -0.0683340562066963
16.75 -0.0792657973601845
16.8 -0.0896007630066828
16.85 -0.100423191239821
16.9 -0.115249773640078
16.95 -0.1256164161054
17 -0.132735982837514
17.05 -0.14496945826011
17.1 -0.157166598272214
17.15 -0.165097256846302
17.2 -0.179302515808155
17.25 -0.191779706354631
17.3 -0.200209041324111
17.35 -0.212373980233568
17.4 -0.224030409012249
17.45 -0.233119844774455
17.5 -0.244502624105441
17.55 -0.254238098384417
17.6 -0.263894832730351
17.65 -0.272748443813569
17.7 -0.284711804990815
17.75 -0.294042772442711
17.8 -0.303143409811658
17.85 -0.312533489115538
17.9 -0.320365172492022
17.95 -0.329929211132423
18 -0.339300309818107
18.05 -0.348060664715381
18.1 -0.35515122829276
18.15 -0.363874413669512
18.2 -0.372284034865747
18.25 -0.37929047577828
18.3 -0.386042314309011
18.35 -0.393707342061597
18.4 -0.399874997335158
18.45 -0.406979444868071
18.5 -0.413021963341486
18.55 -0.419860480512452
18.6 -0.424326254264099
18.65 -0.429571820579598
18.7 -0.435485932496684
18.75 -0.440855388595917
18.8 -0.445359478181286
18.85 -0.449977042132044
18.9 -0.454725445445066
18.95 -0.458219805080356
19 -0.46131975970055
19.05 -0.465936623891938
19.1 -0.468655890847836
19.15 -0.471763856349506
19.2 -0.47521741366068
19.25 -0.47738793534218
19.3 -0.479880538615633
19.35 -0.482982790345234
19.4 -0.484517718317619
19.45 -0.487139575875009
19.5 -0.489090680573039
19.55 -0.49041946014349
19.6 -0.491983511098322
19.65 -0.493125904767095
19.7 -0.494723061524691
19.75 -0.495376874207143
19.8 -0.496372716918338
19.85 -0.497377831455396
19.9 -0.498106954298957
19.95 -0.498452763486587


0 1.44479381079798
0.05 1.42733100707974
0.1 1.42371579728417
0.15 1.38423129153517
0.2 1.36101666490679
0.25 1.33141945474395
0.3 1.30218640081247
0.35 1.29379893718492
0.4 1.24094219608838
0.45 1.20265756685726
0.5 1.19050988103291
0.55 1.15596888339572
0.6 1.09407642536141
0.65 1.07471044446401
0.7 1.02886640762047
0.75 0.966003632736082
0.8 0.924069670452265
0.85 0.891228149039535
0.9 0.827312609053484
0.95 0.782178702244602
1 0.737297260529968
1.05 0.682864598777479
1.1 0.635616605600992
1.15 0.587930169863804
1.2 0.537415341074651
1.25 0.483335820332723
1.3 0.440309922631675
1.35 0.386770198206142
1.4 0.338682755897557
1.45 0.293922152481216
1.5 0.237337776685323
1.55 0.190228226884158
1.6 0.143126713510812
1.65 0.0962924450498456
1.7 0.0540615818712891
1.75 0.0086731745958622
1.8 -0.030611175647282
1.85 -0.0734813586259259
1.9 -0.113538834461509
1.95 -0.152526312278587
2 -0.191655120218329
2.05 -0.22523111231335
2.1 -0.258458127007966
2.15 -0.290483663831312
2.2 -0.320380096441872
2.25 -0.349098979772298
2.3 -0.372474750688109
2.35 -0.396100482600511
2.4 -0.414798373432124
2.45 -0.436350413350247
2.5 -0.449975413475627
2.55 -0.463746579561192
2.6 -0.47721768090917
2.65 -0.487288319014262
2.7 -0.494107739739198
2.75 -0.495333108343746
2.8 -0.499958127769079
2.85 -0.498808659499315
2.9 -0.494444270443787
2.95 -0.485240802099403
3 -0.481620001066358
3.05 -0.470544006487433
3.1 -0.457519941747761
3.15 -0.439615575000973
3.2 -0.423717297574647
3.25 -0.403575865331863
3.3 -0.381120993229055
3.35 -0.35485234885638
3.4 -0.329846881360922
3.45 -0.300836641945905
3.5 -0.269802395482291
3.55 -0.236766364955036
3.6 -0.202425339853487
3.65 -0.165740211152603
3.7 -0.125008856209102
3.75 -0.0863760205576064
3.8 -0.0462675232230578
3.85 -0.00420683297493429
3.9 0.0402392006547087
3.95 0.084382844523624
4 0.13066126118925
4.05 0.178363621381719
4.1 0.224972920546712
4.15 0.27366402737275
4.2 0.323174308479765
4.25 0.372853286287245
4.3 0.424344042863382
4.35 0.472040483562051
4.4 0.521760937260338
4.45 0.575593121192875
4.5 0.622031134936745
4.55 0.674927206277624
4.6 0.71976488339506
4.65 0.76908432001545
4.7 0.81552049764627
4.75 0.861972933169762
4.8 0.90921961866102
4.85 0.954087422941008
4.9 0.998206333212657
4.95 1.04070349504117
5 1.0898085715374
5.05 1.12249000935852
5.1 1.16044052084489
5.15 1.19586188579513
5.2 1.22974527445275
5.25 1.27776141280827
5.3 1.29694893770354
5.35 1.32645025071464
5.4 1.36813940339946
5.45 1.39513957221942
5.5 1.40020012347486
5.55 1.42064655015611
5.6 1.45584533672001
5.65 1.4519197889834
5.7 1.46889561690806
5.75 1.47915090749736
5.8 1.4913735550421
5.85 1.4922768480634
5.9 1.49501898099315
5.95 1.49600532032713
6 1.49511309486936
6.05 1.49356752123894
6.1 1.48596944049879
6.15 1.47767494084186
6.2 1.46860507867102
6.25 1.45382321335842
6.3 1.43821793817488
6.35 1.41999917092022
6.4 1.39956152924115
6.45 1.37643835819798
6.5 1.35276609024792
6.55 1.32278418835684
6.6 1.29559979882754
6.65 1.26365559918768
6.7 1.2304878298985
6.75 1.19582570527662
6.8 1.15899737480895
6.85 1.12061701998895
6.9 1.07785701913235
6.95 1.04042028324275
7 1.00919645351375
7.05 0.952745353757567
7.1 0.906756173688525
7.15 0.859358678678033
7.2 0.814578174134612
7.25 0.765435918961521
7.3 0.71734154644395
7.35 0.668133600327818
7.4 0.622068727177841
7.45 0.568528349678246
7.5 0.517663488629823
7.55 0.471934927829672
7.6 0.419534212618033
7.65 0.367989248829314
7.7 0.320760324258588
7.75 0.270430212880913
7.8 0.222811827903905
7.85 0.173246452416006
7.9 0.127949541277085
7.95 0.0823113202108683
8 0.0369540198133513
8.05 -0.0064009392069847
8.1 -0.0464162611434226
8.15 -0.0878647982564307
8.2 -0.125953465257139
8.25 -0.1675167981827
8.3 -0.202423677039499
8.35 -0.238838855305612
8.4 -0.271662023623101
8.45 -0.302101812857729
8.5 -0.330252900375391
8.55 -0.356956280460938
8.6 -0.382400629035575
8.65 -0.40485755394717
8.7 -0.424176823982903
8.75 -0.438753934669067
8.8 -0.454898207543328
8.85 -0.468577967626798
8.9 -0.482072864886434
8.95 -0.489987240023962
9 -0.495838028263679
9.05 -0.4990765536611
9.1 -0.499733129621627
9.15 -0.496875871432573
9.2 -0.493951264255851
9.25 -0.487355876164155
9.3 -0.474894011532848
9.35 -0.466075138049276
9.4 -0.452359942697584
9.45 -0.435612963067759
9.5 -0.417378474704465
9.55 -0.395966042913225
9.6 -0.372791277271363
9.65 -0.347403680649588
9.7 -0.318441341325602
9.75 -0.290185856507414
9.8 -0.258294782123484
9.85 -0.224709474340041
9.9 -0.189382306928544
9.95 -0.152146226897748
10 -0.114191510504293
10.05 -0.0712247686236808
10.1 -0.0296941559480739
10.15 0.0128942801719117
10.2 0.0571602569481371
10.25 0.100281464644123
10.3 0.147101176605256
10.35 0.194103641976944
10.4 0.241827867797021
10.45 0.290990644197316
10.5 0.340214008770299
10.55 0.39051773593883
10.6 0.439360124967129
10.65 0.489595837573591
10.7 0.538758479172842
10.75 0.588787988593939
10.8 0.639588541647595
10.85 0.688031371524438
10.9 0.736763389840726
10.95 0.785702586304491
11 0.833267589853939
11.05 0.882442426514516
11.1 0.925921772358949
11.15 0.96974673501054
11.2 1.01344158733496
11.25 1.05519252060905
11.3 1.09724696749103
11.35 1.13535273970086
11.4 1.1732864406189
11.45 1.20933691728958
11.5 1.24443640341005
11.55 1.28684792196069
11.6 1.31768700453396
11.65 1.33529715640632
11.7 1.36171502084706
11.75 1.38592934379456
11.8 1.40668372256861
11.85 1.42773901121659
11.9 1.44283789310878
11.95 1.47245285793277
12 1.48382574294117
12.05 1.48202986869547
12.1 1.50280724037303
12.15 1.49637342173876
12.2 1.49912289951152
12.25 1.49989383481586
12.3 1.49632513732701
12.35 1.49310951015735
12.4 1.48585926623028
12.45 1.47638849116091
12.5 1.47250478281483
12.55 1.44956708529475
12.6 1.44133099419454
12.65 1.41370463174477
12.7 1.39256848131982
12.75 1.36888971419716
12.8 1.34334021951549
12.85 1.31445787324561
12.9 1.28402145458426
12.95 1.25172263666424
13 1.21827804885955
13.05 1.19323909756907
13.1 1.15608312441976
13.15 1.10479867419572
13.2 1.06587678349433
13.25 1.02476229014543
13.3 0.981949081876129
13.35 0.9365805900845
13.4 0.891637423583114
13.45 0.843647213404851
13.5 0.797692349333653
13.55 0.753244696272418
13.6 0.69992458403553
13.65 0.652107572346071
13.7 0.599245046077044
13.75 0.550000491002998
13.8 0.500977129482029
13.85 0.451396849580939
13.9 0.404987282967593
13.95 0.355956024781975
14 0.304834499258499
14.05 0.255226607220901
14.1 0.206346718232314
14.15 0.161510290290007
14.2 0.112585826718888
14.25 0.0671918857423248
14.3 0.0238217656394558
14.35 -0.0191746336533413
14.4 -0.0624301647404758
14.45 -0.103528814477045
14.5 -0.141073409124924
14.55 -0.179798679756422
14.6 -0.215885213225282
14.65 -0.249705568774669
14.7 -0.28216727876988
14.75 -0.311508420238035
14.8 -0.34049739460244
14.85 -0.366214764494264
14.9 -0.390461190491144
14.95 -0.41099181720999
15 -0.430217381932567
15.05 -0.448232154025715
15.1 -0.463083785616219
15.15 -0.475310218564941
15.2 -0.48355519662331
15.25 -0.492187662533418
15.3 -0.496431086614919
15.35 -0.499779455505101
15.4 -0.4978086629755
15.45 -0.4955888065312
15.5 -0.491933112250144
15.55 -0.484342639245369
15.6 -0.474356347026748
15.65 -0.461957822349781
15.7 -0.445394028861159
15.75 -0.429597412919293
15.8 -0.410216798403563
15.85 -0.386266204962453
15.9 -0.364455038929113
15.95 -0.3376134791726
16 -0.308829651236162
16.05 -0.279091965603609
16.1 -0.246677326573672
16.15 -0.212359102518839
16.2 -0.177316745830279
16.25 -0.137933067161216
16.3 -0.1000899189397
16.35 -0.0595967967947313
16.4 -0.0162155149722952
16.45 0.0258242714077483
16.5 0.0710760056855825
16.55 0.115948706389256
16.6 0.162586926642706
16.65 0.211954154928039
16.7 0.259265645231492
16.75 0.307580800567423
16.8 0.358470368565273
16.85 0.40855423749012
16.9 0.45776054788614
16.95 0.506628547574434
17 0.556945212765932
17.05 0.605714291732226
17.1 0.65580540010518
17.15 0.704977518692443
17.2 0.756334397125282
17.25 0.801729405001393
17.3 0.848604801169302
17.35 0.894917735715924
17.4 0.940149943986745
17.45 0.988296371964801
17.5 1.02742215237271
17.55 1.07348212906094
17.6 1.1102295146839
17.65 1.14748746045832
17.7 1.18582527070477
17.75 1.22148793600503
17.8 1.25594553014885
17.85 1.2858280094457
17.9 1.3149515365948
17.95 1.34448799862593
18 1.37058093130947
18.05 1.40464514011251
18.1 1.42352790760328
18.15 1.43417888996159
18.2 1.45920948697688
18.25 1.46555508701872
18.3 1.47536385770759
18.35 1.48653931010446
18.4 1.49354390174717
18.45 1.49648282568605
18.5 1.49925708374321
18.55 1.4990224778348
18.6 1.49425491276174
18.65 1.48889451209936
18.7 1.49090530823571
18.75 1.48091954021088
18.8 1.45955548130764
18.85 1.44338758084694
18.9 1.42401262414765
18.95 1.40682837903713
19 1.38416345200445
19.05 1.35951755270812
19.1 1.33178026272669
19.15 1.3044590767176
19.2 1.27308542083413
19.25 1.24159698197433
19.3 1.21577027758774
19.35 1.16993615122771
19.4 1.14151847019394
19.45 1.09283815793379
19.5 1.05199228401213
19.55 1.00832325114157
19.6 0.965799158264093
19.65 0.920900844948548
19.7 0.875930287907614
19.75 0.828078631656465
19.8 0.781585027503419
19.85 0.732784726955613
19.9 0.68709733663835
19.95 0.635944954404992
