-1 -0.00339358708957981 0.35322690848236 -0.0673370093676401 0.192497730304415 -0.0524095952900137 -0.000204559438008332
-0.99 -0.00395629459107815 0.354635538258239 -0.0690630588454079 0.0885032265666926 -0.0602951497673067 -0.000241243147567959
-0.98 -0.00460292803360051 0.354982871476245 -0.0708126570892815 -0.0197208957084145 -0.0692123377568282 -0.00028396496593872
-0.97 -0.00534434282305094 0.354227874521163 -0.0725853921054645 -0.131917931829135 -0.0792702167947755 -0.000333617520743746
-0.96 -0.0061925221422234 0.352332205997635 -0.0743808286075222 -0.247806201439345 -0.0905852709984994 -0.000391207570645906
-0.95 -0.00716065060942386 0.349260464506225 -0.0761985090017868 -0.367079465984437 -0.103281269506348 -0.000457867652587084
-0.94 -0.00826318588866289 0.344980431601482 -0.0780379545275377 -0.489407475108865 -0.117488995415734 -0.00053486845645062
-0.93 -0.0095159268674296 0.339463308635867 -0.0798986665598981 -0.614436643240352 -0.133345827345292 -0.000623631899891684
-0.92 -0.0109360768373873 0.332683946184128 -0.0817801280834291 -0.74179085696099 -0.150995155409661 -0.000725744861339867
-0.91 -0.0125422999308272 0.324621064740064 -0.083681805344406 -0.87107241308804 -0.170585613374509 -0.000842973512619419
-0.9 -0.0143547688848075 0.315257465381858 -0.085603149689727 -1.0018630866904 -0.192270109108781 -0.000977278174253398
-0.89 -0.0163952020295675 0.304580229113466 -0.0875435996003358 -1.13372532755412 -0.216204636224713 -0.0011308285963542
-0.88 -0.0186868872325439 0.292580903608013 -0.0895025829269154 -1.26620358288553 -0.242546851046289 -0.0013060195461321
-0.87 -0.0212546903791465 0.27925567610493 -0.0914795193354524 -1.39882574330783 -0.271454400822827 -0.00150548655960098
-0.86 -0.0241250458418546 0.264605531245692 -0.0934738229700467 -1.53110470846999 -0.303082991450443 -0.00173212169020469
-0.85 -0.0273259262860716 0.248636392673498 -0.0954849053400689 -1.6625400678505 -0.337584185917792 -0.00198908906106249
-0.84 -0.0308867890907505 0.231359247270106 -0.097512178438429 -1.79261989160603 -0.375102928281919 -0.00227984000063492
-0.83 -0.0348384966305204 0.212790250958113 -0.0995550580973185 -1.9208226255925 -0.415774792222627 -0.00260812751419907
-0.82 -0.0392132076804857 0.192950815059312 -0.101612967587309 -2.04661908397622 -0.459722958123154 -0.00297801981602171
-0.81 -0.0440442372715407 0.171867672268999 -0.103685341465148 -2.16947453216158 -0.507054928169798 -0.00339391262001695
-0.8 -0.0493658824492763 0.149572921382253 -0.105771629674943 -2.28885085209264 -0.557858995124085 -0.00386053986052863
-0.79 -0.0552132115792902 0.12610404999083 -0.107871301906742 -2.40420878134454 -0.612200487150083 -0.00438298249030107
-0.78 -0.0616218151012962 0.101503934458263 -0.109983852215659 -2.51501021681028 -0.670117818307264 -0.00496667498036744
-0.77 -0.0686275159684124 0.0758208165755916 -0.112108803903843 -2.62072057321408 -0.731618381954914 -0.00561740912721523
-0.76 -0.076266038419926 0.0491082564005396 -0.114245714666548 -2.72081118614888 -0.796674332243911 -0.00634133475694574
-0.75 -0.0845726342279618 0.0214250608884753 -0.11639418200246 -2.81476174884545 -0.865218306959216 -0.00714495690502067
-0.74 -0.093581666131617 -0.00716481196634095 -0.118553848887226 -2.90206277143921 -0.937139153063107 -0.00803512904439121
-0.73 -0.103326148825389 -0.0365923736463833 -0.120724409707792 -2.98221805111157 -1.01227772419512 -0.00901904193514145
-0.72 -0.113837248599317 -0.0667837503325753 -0.122905616453688 -3.05474714114846 -1.090422826911 -0.010104207676036
-0.71 -0.125143743531325 -0.0976603527603027 -0.125097285159861 -3.11918780668346 -1.17130739937419 -0.0112984385532941
-0.7 -0.137271447000712 -0.1291390705145 -0.127299302593914 -3.17509845467948 -1.25460501232123 -0.0126098203052072
-0.69 -0.150242598216181 -0.161132490443305 -0.129511633178812 -3.22206052555373 -1.33992678716976 -0.0140466794534896
-0.68 -0.164075224420383 -0.193549138743375 -0.13173432614015 -3.25968083376792 -1.42681882988478 -0.0156175443939935
-0.67 -0.178782480431533 -0.22629374614303 -0.133967522864976 -3.28759384469176 -1.51476028142633 -0.0173310999910167
-0.66 -0.194371972194682 -0.259267535482716 -0.136211464456958 -3.30546387510386 -1.60316208604212 -0.0191961354810928
-0.65 -0.210845072021833 -0.292368530866461 -0.138466499470306 -3.31298720482129 -1.69136657712699 -0.021221485563925
-0.64 -0.22819623418069 -0.325491887433887 -0.140733091802392 -3.30989408714874 -1.77864797665901 -0.0234159646398494
-0.63 -0.246412320423666 -0.358530240680518 -0.143011828722362 -3.29595064610955 -1.86421389817877 -0.0257882942445242
-0.62 -0.265471945908063 -0.39137407413543 -0.14530342901032 -3.27096064876523 -1.94720793478429 -0.0283470238318203
-0.61 -0.285344856720106 -0.423912104090344 -0.147608751178758 -3.23476714134531 -2.02671340259301 -0.031100445164303
-0.6 -0.305991350854251 -0.456031679963891 -0.149928801744923 -3.18725393839579 -2.10175829655238 -0.0340565006861253
-0.59 -0.327361754989687 -0.487619198779552 -0.152264743519729 -3.12834695471002 -2.17132149939668 -0.037222686374254
-0.58 -0.349395969723365 -0.518560532136482 -0.15461790387557 -3.0580153704282 -2.23434026604997 -0.040605949689113
-0.57 -0.372023096039969 -0.548741463959683 -0.156989782952126 -2.97627262037957 -2.28971898503039 -0.0442125833730959
-0.56 -0.395161155702555 -0.57804813723041 -0.159382061755844 -2.88317719949091 -2.33633919565546 -0.0480481159729132
-0.55 -0.418716917914573 -0.606367507819946 -0.16179661010533 -2.77883327689353 -2.37307081538934 -0.0521172000871154
-0.54 -0.442585844019407 -0.633587803480465 -0.164235494371379 -2.66339111222454 -2.39878450588772 -0.0564234994609305
-0.53 -0.466652161156291 -0.659598985986194 -0.166700984956819 -2.53704726853316 -2.41236507962537 -0.0609695761642037
-0.52 -0.490789074675152 -0.684293214366975 -0.169195563457799 -2.4000446171643 -2.41272582193952 -0.0657567791920585
-0.51 -0.514859127726496 -0.707565307135008 -0.171721929444577 -2.252672130995 -2.39882357644409 -0.0707851359192166
-0.5 -0.538714714790546 -0.729313201374526 -0.174283006796376 -2.09526446343948 -2.3696744156647 -0.0760532479150324
-0.49 -0.562198754003426 -0.749438406543599 -0.176881949521373 -1.92820131171013 -2.32436969404384 -0.0815581926846151
-0.48 -0.585145520994448 -0.767846450827633 -0.17952214698955 -1.75190656391859 -2.26209225781747 -0.0872954329394571
-0.47 -0.607381644591316 -0.784447317885534 -0.182207228502876 -1.56684723071787 -2.18213256632288 -0.0932587350165117
-0.46 -0.628727262209671 -0.799155871842152 -0.184941067124189 -1.37353216331643 -2.08390446270001 -0.0994400980556638
-0.45 -0.648997330056219 -0.811892268404621 -0.187727782683269 -1.17251056083228 -1.96696031930516 -0.105829695510374
-0.44 -0.668003080483288 -0.822582350015567 -0.190571743875943 -0.964370271092839 -1.8310052750271 -0.112415830503677
-0.43 -0.685553615984581 -0.831158023002909 -0.193477569369669 -0.749735890118048 -1.67591027857629 -0.119184906450885
-0.42 -0.701457626469457 -0.83755761474392 -0.196450127827052 -0.529266666643059 -1.50172365412131 -0.126121414250953
-0.41 -0.715525213652127 -0.841726208930336 -0.199494536757038 -0.303654219136711 -1.30868091368555 -0.133207937200773
-0.4 -0.727569803701162 -0.843615957101223 -0.202616160102368 -0.0736200738455905 -1.09721255469329 -0.14042517461146
-0.39 -0.737410126773542 -0.843186364700873 -0.205820604471094 0.160086966565327 -0.867949601041635 -0.14775198490436
-0.38 -0.74487223976601 -0.84040455001974 -0.209113713919823 0.396693613202233 -0.621726672014892 -0.155165448739089
-0.37 -0.749791566613495 -0.835245474486977 -0.212501563196737 0.635405028432057 -0.359582395047773 -0.162640952478963
-0.36 -0.752014928805523 -0.827692142903043 -0.215990449353595 0.875407898236409 -0.082757015438237 -0.170152292033868
-0.35 -0.751402537528778 -0.817735772329448 -0.219586881637692 1.11587362614582 0.207312901881577 -0.177671796840659
-0.34 -0.747829918023198 -0.805375928489578 -0.223297569577453 1.35596163468477 0.509002737117496 -0.18517047345079
-0.33 -0.741189736399504 -0.790620628678843 -0.22712940917876 1.59482275954057 0.82051105571891 -0.1926181678986
-0.32 -0.731393499338526 -0.773486410333565 -0.231089467153614 1.83160272102466 1.13987378015868 -0.199983745726637
-0.31 -0.718373097798939 -0.753998364565243 -0.235184963108079 2.06544565682788 1.46498119562503 -0.207235288251626
-0.3 -0.702082167110988 -0.732190134129286 -0.239423249622979 2.29549769958614 1.79359763717566 -0.214340303371809
-0.29 -0.682497237629959 -0.708103875464255 -0.243811790168361 2.52091058237247 2.12338365176252 -0.221265948948647
-0.28 -0.65961865245313 -0.681790184608087 -0.2483581348015 2.74084525491987 2.45192037610816 -0.227979266548845
-0.27 -0.633471231544697 -0.65330798697094 -0.253069893608186 2.95447549315856 2.77673582187581 -0.234447423111492
-0.26 -0.604104664930049 -0.622724391119168 -0.25795470785825 3.1609914845238 3.09533271408622 -0.240637957914739
-0.25 -0.571593621367642 -0.590114506900605 -0.263020218858784 3.35960337145747 3.40521748840293 -0.246519032061479
-0.24 -0.536037563026744 -0.555561228416898 -0.268274034502377 3.54954473558954 3.70393001877133 -0.252059677587855
-0.23 -0.497560261125833 -0.519154982523025 -0.273723693522819 3.73007600524485 3.98907361988601 -0.25723004322565
-0.22 -0.456309012143964 -0.480993443706499 -0.279376627487245 3.9004877691756 4.25834484988034 -0.262001633822261
-0.21 -0.412453559023408 -0.441181216368078 -0.28524012057149 4.06010397977046 4.50956262813245 -0.266347540442027
-0.2 -0.366184726647755 -0.399829485691142 -0.291321267184553 4.20828502943603 4.7406961816455 -0.270242658241213
-0.19 -0.317712785713398 -0.357055638447349 -0.297626927528379 4.34443068438266 4.94989134137934 -0.273663889325976
-0.18 -0.267265563819551 -0.312982855240772 -0.304163681200682 4.46798286067341 5.13549472728338 -0.276590327967545
-0.17 -0.215086327088534 -0.267739675840677 -0.310937778971105 4.57842822810786 5.29607538749543 -0.279003425759738
-0.16 -0.161431459802066 -0.221459539393441 -0.317955092884492 4.67530062830854 5.43044349291436 -0.280887134558205
-0.15 -0.106567973312767 -0.174280301436123 -0.325221064869396 4.75818329425341 5.53766573260602 -0.282228025334923
-0.14 -0.0507708787814194 -0.126343729757105 -0.3327406540548 4.82671085944693 5.6170771075474 -0.283015381410902
-0.13 0.00567953897392806 -0.0777949812622056 -0.340518283023404 4.88057114594211 5.66828887915922 -0.283241264889777
-0.12 0.062500507114952 -0.0287820621072347 -0.348557783255246 4.91950672150804 5.69119249386104 -0.282900555498914
-0.11 0.119409569060195 0.0205447265506885 -0.356862340040816 4.94331621737922 5.68595937430351 -0.281990961446496
-0.1 0.176127365824471 0.0700333547509906 -0.365434437167705 4.95185539921506 5.65303654067143 -0.280513002315757
-0.09 0.232380352848813 0.119530639377067 -0.374275801708972 4.94503798513566 5.59313810009776 -0.278469964433939
-0.08 0.287903411505377 0.168882826698655 -0.383387349264377 4.92283620597603 5.50723271731767 -0.275867829566061
-0.07 0.342442315964632 0.2179361792125 -0.392769130027025 4.88528110420718 5.3965272537249 -0.272715178184901
-0.0599999999999999 0.395756018343995 0.266537564155748 -0.402420276067306 4.8324625693029 5.26244683348084 -0.269023068951106
-0.0499999999999999 0.447618717984933 0.314535041051024 -0.412338950242936 4.76452910867691 5.10661166281372 -0.264804896394107
-0.04 0.497821684282444 0.361778445640166 -0.422522297157748 4.68168735466967 4.93081099074323 -0.260076229108684
-0.03 0.546174806656372 0.408119967575155 -0.432966396602338 4.58420130941854 4.73697465488383 -0.254854631067377
-0.02 0.592507849935339 0.453414719259859 -0.443666219915986 4.47239133079287 4.52714270354843 -0.249159468890103
-0.01 0.636671398537626 0.49752129327471 -0.454615589711207 4.34663286390764 4.30343362407371 -0.243011708104319
0 0.678537478285769 0.54030230586814 -0.465807143399 4.20735492403948 4.06801173626687 -0.23643370156825
0.01 0.717999850382549 0.581624924063256 -0.477232300944178 4.05503833804792 3.82305432846477 -0.229448973313022
0.02 0.754973977898782 0.621361374005524 -0.48888123726536 3.89021375264693 3.57071912143547 -0.2220820010852
0.03 0.789396670968102 0.65938942826669 -0.500742859672995 3.71345941906885 3.31311264198144 -0.214358000838508
0.04 0.821225422639172 0.69559286992137 -0.512804790710785 3.52539876480809 3.05226007358255 -0.206302716332616
0.05 0.850437452890639 0.729861931325102 -0.525053356730719 3.32669776421953 2.79007712591866 -0.197942216849422
0.0600000000000001 0.877028483560756 0.762093705645574 -0.537473582489513 3.11806212076912 2.52834442902622 -0.189302705835664
0.0700000000000001 0.901011271778747 0.792192529331527 -0.550049192004345 2.90023427468689 2.26868491176553 -0.180410343028592
0.0800000000000001 0.922413933812689 0.820070333845808 -0.562762615848558 2.67399025064955 2.01254456899856 -0.171291082323502
0.0900000000000001 0.941278094981572 0.845646965139352 -0.575595005003466 2.44013636091605 1.76117695838015 -0.161970527303553
0.1 0.957656904340737 0.868850469500733 -0.58852625131095 2.19950578005083 1.5156316970914 -0.152473805979946
0.11 0.971612955175667 0.889617344580479 -0.601535014493661 1.95295500799214 1.27674715248761 -0.142825465891163
0.12 0.983216153878209 0.907892754559626 -0.614598755625921 1.70136023875229 1.0451474399127 -0.133049390291262
0.13 0.992541580495755 0.923630708607124 -0.627693776849796 1.44561365247223 0.821243757369247 -0.123168735727197
0.14 0.999667384117085 0.936794201949688 -0.640795267038252 1.18661964888987 0.605240001924004 -0.113205890872159
0.15 1.00467275528433 0.947355319059575 -0.653877353012165 0.925291040520322 0.397142528317732 -0.103182456054451
0.16 1.00763601581098 0.955295298649511 -0.666913155821549 0.66254522398471 0.196773827896501 -0.0931192425078993
0.17 1.00863286377015 0.960604560348636 -0.679874851505545 0.399300347961885 0.00378982733934391 -0.0830362899784061
0.18 1.00773480804018 0.963282693117847 -0.692733735652096 0.136471496175421 -0.182299566669833 -0.0729529009598934
0.19 1.00500782271766 0.963338405646329 -0.705460290989093 -0.125033096334053 -0.362107117159051 -0.0628876895088393
0.2 1.00051124700582 0.960789439152323 -0.718024257156035 -0.384315775660928 -0.53634259951571 -0.0528586423065417
0.21 0.994296950949451 0.955662443189408 -0.730394701731448 -0.640493132577247 -0.705785384255363 -0.0428831894079351
0.22 0.986408781716098 0.947992815233705 -0.742540091528621 -0.892699579982014 -0.871255845067133 -0.0329782819401213
0.23 0.976882299130334 0.937824504996653 -0.754428363123254 -1.14009082761387 -1.03358620364088 -0.0231604738965162
0.24 0.965744802971946 0.925209784571364 -0.766026991543689 -1.38184723801142 -1.19359143680257 -0.0134460051163175
0.25 0.953015648276859 0.910208985677219 -0.777303056039968 -1.61717704841597 -1.35204087270246 -0.00385088254523109
0.26 0.938706838660319 0.892890205416555 -0.788223301854233 -1.84531944410022 -1.50963109099716 0.00560904305779168
0.27 0.922823881645554 0.873328982098215 -0.798754196944089 -2.06554746946853 -1.66696071719282 0.0149180076728669
0.28 0.905366884256239 0.851607942814655 -0.808861982664298 -2.27717076420417 -1.82450766390082 0.0240602743464935
0.29 0.88633186184113 0.827816424581659 -0.818512717492061 -2.47953811273123 -1.98260932230755 0.0330200855655484
0.3 0.865712228360346 0.802050070961829 -0.827672312988347 -2.67203979630628 -2.14144614656042 0.0417816296551203
0.31 0.843500432280989 0.774410406194432 -0.836306561322804 -2.8541097381525 -2.30102900317028 0.0503290228386388
0.32 0.81968969889829 0.745004388944367 -0.844381153853017 -3.02522743318916 -2.46119057832325 0.0586463082229153
0.33 0.79427583739542 0.713943947861661 -0.851861690439559 -3.18491965508519 -2.62158104980103 0.0667174725656402
0.34 0.767259069341434 0.681345501209593 -0.858713679395552 -3.33276193457069 -2.78166813883958 0.0745264812571812
0.35 0.738645834644606 0.647329462874087 -0.864902528211257 -3.46837980416685 -2.94074156267957 0.0820573315113237
0.36 0.708450531249318 0.612019737109237 -0.870393525458126 -3.59144980573615 -3.09792181285749 0.0892941233203238
0.37 0.676697146089378 0.575543204403529 -0.875151814559372 -3.70170025850291 -3.25217308960096 0.0962211472978584
0.38 0.643420736968069 0.538029200868616 -0.879142360411454 -3.79891178644329 -3.40232013118521 0.102822988118613
0.39 0.608668728082975 0.499608993557282 -0.882329910147942 -3.88291760518495 -3.54706859090421 0.109084641874469
0.4 0.572501985788364 0.460415254109657 -0.884678949648669 -3.95360356978438 -3.68502853543926 0.114991645313145
0.41 0.534995645806756 0.420581533107047 -0.886153657706478 -4.01090798595632 -3.81474056875439 0.1205302146136
0.42 0.496239668363497 0.380241737481049 -0.886717860064586 -4.05482118850856 -3.93470402690071 0.125687391090428
0.43 0.456339103507143 0.339529613282352 -0.886334985822183 -4.08538489188028 -4.04340664271145 0.130451191012784
0.44 0.415414055064772 0.298578236059074 -0.884968028966797 -4.10269131878679 -4.13935504647478 0.134810756576652
0.45 0.373599338125467 0.257519511029119 -0.882579518021177 -4.10688211403231 -4.22110545011402 0.138756504985844
0.46 0.331043831501029 0.216483685155359 -0.879131496982066 -4.09814705155916 -4.28729385867213 0.142280272578777
0.47 0.287909533131393 0.175598873146937 -0.87458552087035 -4.07672254375273 -4.33666516410617 0.145375450985256
0.48 0.244370332734677 0.134990599315313 -0.868902669299058 -4.04288996291035 -4.36810050229277 0.148037112409067
0.49 0.20061052200443 0.094781357110414 -0.862043581490495 -3.99697378560595 -4.38064229409967 0.150262121305489
0.5 0.156823068193289 0.0550901880510869 -0.853968516130056 -3.93933957143628 -4.3735164444061 0.152049229954029
0.51 0.113207681868726 0.016032281645758 -0.844637439326382 -3.87039178831605 -4.34615123773634 0.153399155710302
0.52 0.0699687138730197 -0.0222814022255954 -0.834010143751315 -3.79057149709445 -4.29819254408913 0.154314638050742
0.53 0.027312919973896 -0.0597444871274635 -0.822046401755354 -3.70035390879358 -4.22951503172428 0.15480047389207
0.54 -0.0145528657178654 -0.0962555088774335 -0.808706154893636 -3.60024582821629 -4.14022917302787 0.154863530066037
0.55 -0.0554241058130235 -0.131718218281425 -0.793949741853769 -3.49078299803783 -4.03068392289036 0.154512732249853
0.56 -0.0951009397085303 -0.166041856872151 -0.777738166252297 -3.37252735777908 -3.90146504398324 0.153759030084685
0.57 -0.133390525386789 -0.199141404872495 -0.760033405164687 -3.24606423226133 -3.75338914757418 0.152615338649117
0.58 -0.170109300830202 -0.230937800752136 -0.740798758580479 -3.11199946426116 -3.58749360978439 0.151096456882153
0.59 -0.205085124966347 -0.261358131893227 -0.719999239238201 -2.97095650612181 -3.4050226092789 0.149218963962098
0.6 -0.238159260920272 -0.290335796028292 -0.697602001503599 -2.82357348503397 -3.20740961127131 0.147001095034822
0.61 -0.269188167956859 -0.317810633260167 -0.673576807121113 -2.67050025657683 -2.99625669261848 0.144462598039717
0.62 -0.29804507275013 -0.3437290286187 -0.647896524805764 -2.51239546091085 -2.77331116214699 0.141624573697055
0.63 -0.324621295406064 -0.368043985251611 -0.620537659765459 -2.34992359574014 -2.54043997796626 0.138509300990516
0.64 -0.348827310868716 -0.390715168486362 -0.591480908368465 -2.1837521198168 -2.29960249849214 0.135140050698688
0.65 -0.3705935318267 -0.411708921135633 -0.560711732314759 -2.01454860034579 -2.05282212569263 0.131540889695764
0.66 -0.389870804875494 -0.43099825055023 -0.528220945851092 -1.84297791717051 -1.8021574074972 0.127736478852398
0.67 -0.406630617347496 -0.448562788049417 -0.494005308806514 -1.66969953607944 -1.54967316156173 0.123751867421775
0.68 -0.420865017766897 -0.464388721479113 -0.458068117536115 -1.49536486297857 -1.29741216517462 0.119612286793974
0.69 -0.43258625819758 -0.47846870176266 -0.420419785264114 -1.32061469002583 -1.04736792686426 0.115342946445345
0.7 -0.441826171716649 -0.490801724416384 -0.381078402830236 -1.14607674412818 -0.801459015346506 0.110968834801757
0.71 -0.448635302763435 -0.50139298710252 -0.340070270481783 -0.972363347463986 -0.5615053721999 0.106514527579277
0.72 -0.453081812098427 -0.510253724384846 -0.297430391132148 -0.800069198917615 -0.32920697763622 0.102004005967924
0.73 -0.455250181489118 -0.517401020937231 -0.253202915437066 -0.629769284505356 -0.106125175652923 0.0974604867893733
0.74 -0.455239745968721 -0.522857604531941 -0.207441529132507 -0.462016924037117 0.106333102492492 0.0929062664940951
0.75 -0.453163083555452 -0.526651620202716 -0.160209773339739 -0.297341960401845 0.306928047323614 0.0883625805741806
0.76 -0.449144293659521 -0.528816387037168 -0.111581288977774 -0.136249096992042 0.49459651393231 0.0838494796619293
0.77 -0.443317196044723 -0.529390139103789 -0.0616399770317335 0.0207836121007969 0.66845836900292 0.0793857232682346
0.78 -0.435823482171193 -0.528415752060734 -0.0104800672047974 0.173306115377156 0.8278196790585 0.074988691795779
0.79 -0.426810850060675 -0.525940457026518 0.0417939115750419 0.320897557853745 0.972172839162915 0.0706743171466936
0.8 -0.416431152544668 -0.522015543316878 0.0950672642241929 0.463167313652696 1.10119379802634 0.0664570319388546
0.81 -0.404838586939917 -0.516696051667325 0.149215370340474 0.599755856162505 1.21473658556595 0.0623497370550459
0.82 -0.392187951915431 -0.510040459567559 0.204104035636625 0.730335465538187 1.31282539162784 0.0583637869798226
0.83 -0.378632994648208 -0.502110360331988 0.259589955331694 0.854610774149699 1.39564447918522 0.0545089921343083
0.84 -0.364324868393587 -0.492970137520413 0.315521289312766 0.97231915140573 1.46352624154195 0.0507936372028337
0.85 -0.349410717405157 -0.482686636304679 0.371738347274144 1.08323093017059 1.51693773078373 0.0472245142598622
0.86 -0.334032402813265 -0.471328833351089 0.428074380406245 1.18714947775088 1.55646599405332 0.0438069693528606
0.87 -0.318325379692366 -0.458967506754986 0.48435647457048 1.28391111515273 1.58280255551583 0.0405449610775572
0.88 -0.30241773219402 -0.445674907523396 0.540406538288576 1.37338488899598 1.59672737564633 0.0374411295965528
0.89 -0.286429370365963 -0.431524434054552 0.596042377324397 1.45547220111608 1.59909260639776 0.0344968744998701
0.9 -0.270471389182996 -0.416590311009725 0.651078846172619 1.53010630148474 1.5908064417017 0.031712439885454
0.91 -0.254645587438157 -0.400947273913706 0.705329065419396 1.59725165063462 1.57281733852907 0.0290870050469714
0.92 -0.239044141529207 -0.384670260755845 0.758605692731948 1.65690315827889 1.54609885536294 0.0266187791930721
0.93 -0.223749426862328 -0.367834111794304 0.810722234190942 1.7090853052724 1.51163532341733 0.0243050986837547
0.94 -0.20883397760851 -0.350513278692699 0.861494381822956 1.75385115646594 1.47040853228083 0.0221425253524741
0.95 -0.194360573904803 -0.332781544040922 0.910741362538441 1.7912812723572 1.42338557684941 0.0201269445837781
0.96 -0.180382444299387 -0.314711752231403 0.958287283247804 1.82148252774186 1.37150797736718 0.0182536619320984
0.97 -0.1669435702942 -0.296375552578745 1.00396245672499 1.84458684581468 1.31568214996611 0.0165174971943446
0.98 -0.154079079231635 -0.277843155485144 1.04760469282033 1.86074985636387 1.25677127204387 0.0149128749837235
0.99 -0.141815711485542 -0.259183102366853 1.08906053989425 1.87014948684285 1.19558855578516 0.0134339109914313
