The A matrix:

     0.802      0.308      0.376       0.35 
     0.913      0.949      0.143      0.835 
    0.0495       0.54      0.378       0.25 
     0.665      0.522      0.467      0.426 
The b vector in Ax=b
     0.686      0.549     0.0344      0.733 
Decomposes into the R and Q matricies:

      1.39       1.07      0.549      0.966 
         0      0.639      0.173      0.347 
         0          0      0.438     -0.105 
         0          0          0    0.00926 

     0.579     -0.489      0.326     -0.565 
     0.659      0.379     -0.649     -0.028 
    0.0357      0.786      0.509     -0.349 
     0.479     0.0115      0.461      0.747 
Checking that Q^TQ = I

         1   3.73e-16  -1.11e-16   4.27e-15 
  3.73e-16          1  -5.98e-17   5.15e-15 
 -1.11e-16  -5.98e-17          1  -8.33e-16 
  4.27e-15   5.15e-15  -8.33e-16          1 
And that QR = A

     0.802      0.308      0.376       0.35 
     0.913      0.949      0.143      0.835 
    0.0495       0.54      0.378       0.25 
     0.665      0.522      0.467      0.426 
The Solution to the system Ax=b is
     -3.76      -8.93       3.91       14.2 
A*x is equal to
     0.686      0.549     0.0344      0.733 
The inverse of A is

      20.5       1.27         11      -25.8 
      36.1       2.83       23.8      -49.3 
     -13.8      -2.21      -7.85       20.3 
     -61.1      -3.03      -37.7       80.7 
A*A^-1 is

         1  -3.33e-15  -1.78e-15   3.55e-15 
 -7.11e-15          1  -3.55e-15   2.84e-14 
 -1.78e-15  -1.44e-15          1  -3.55e-15 
 -3.55e-15   3.77e-15   3.55e-15          1 
