0 0 10
0.01 0.1 9.9995
0.0250652268425832 0.25063338775942 9.99685872875691
0.0445272156680981 0.44514467454878 9.99008765442792
0.0673647678123041 0.673177738836371 9.97731645568219
0.0925994701506485 0.924738013236793 9.95715228714071
0.119453552797675 1.1917947700879 9.92872903696976
0.147366274287048 1.46846834285716 9.89159496569219
0.175955384221931 1.75066012185581 9.84557037850198
0.204968885389522 2.03557775134457 9.7906336808968
0.234244004571834 2.32132744097362 9.72684645348637
0.263676906865216 2.60661128422818 9.65430988691469
0.293201850576521 2.89051811961739 9.57314189685525
0.322777384491192 3.17238471671685 9.48346640814244
0.352377412951812 3.45170583133397 9.38540920528631
0.381985490544112 3.72807680662479 9.27909702681487
0.411591209452334 4.00115731788672 9.16465807506982
0.441187923666475 4.27064864593507 9.04222300329538
0.470771319725257 4.53627952287002 8.91192593871663
0.500338520500901 4.79779737470321 8.77390536218663
0.529887523352021 5.0549629463032 8.62830479435925
0.559416847422453 5.30754703898226 8.47527329651843
0.588925311422454 5.55532856411648 8.31496581601954
0.618411892569948 5.79809341465853 8.14754341079376
0.647875635788588 6.03563384386493 7.97317338449391
0.677315593788843 6.26774815792752 7.79202935858046
0.706730785856221 6.49424060251308 7.60429130225286
0.736120167649944 6.71492136893727 7.41014553655326
0.765482607088649 6.92960667418912 7.20978472547632
0.794816863100162 7.13811888677732 7.00340786449271
0.824121565034733 7.34028668145708 6.79122027541969
0.853395191128992 7.53594521286045 6.57343361592539
0.88263604471004 7.72493630248234 6.35026591204617
0.911842226932956 7.90710863636891 6.12194162289469
0.941011604797886 8.08231797284342 5.88869174827257
0.970141773013702 8.25042736109527 5.65075399228702
0.999230007960766 8.41130737272455 5.40837299951793
1.02827321153121 8.56483634957736 5.1618006851348
1.05726784194351 8.71090067259588 4.91129668715999
1.08620982765887 8.84939505811126 4.6571289786395
1.11509445914428 8.98022289023038 4.39957469108428
1.14391625123106 9.10329660098116 4.13892122016226
1.17266876589264 9.2185381140832 3.87546771339557
1.20134438089496 9.32587937420472 3.60952708264316
1.22993398310314 9.42526299230714 3.34142874990159
1.25842655479501 9.5166430507163 3.07152243793839
1.28680860455206 9.59998613149705 2.80018348311115
1.31506336644051 9.67527266305916 2.52782042339602
1.34316964322136 9.74249873081628 2.25488608995505
1.37110008311292 9.80167858344104 1.98189428576127
1.3988185166712 9.85284821704419 1.70944575304238
1.42627565305463 9.89607069898168 1.43827038504425
1.45340172650732 9.93144444461618 1.1692996875368
1.4800929979193 9.95911684040069 0.903800289789967
1.50685264825128 9.97973646347965 0.636974209373278
1.53473830883393 9.99361873831647 0.358435006869849
1.56334681069701 9.99978340634431 0.0723858666590823
1.59241095262817 9.99766370919669 -0.21827983059572
1.62175746717701 9.98695287341932 -0.511582420841661
1.65127550964639 9.96750107171566 -0.806154845223546
1.68089476579961 9.9392511188408 -1.10103119271633
1.7105708633181 9.90220020585701 -1.39550455518896
1.74027588389348 9.85637792178964 -1.68903392763614
1.76999228257292 9.80183400822913 -1.98118422067118
1.79970902592139 9.73863173973231 -2.27158802936747
1.82941915321955 9.66684446568275 -2.55992146215597
1.85911824178497 9.58655387971395 -2.84588896082418
1.88880344331974 9.49784920308938 -3.12921383016829
1.91847287950593 9.40082683133197 -3.40963237595918
1.94812526300479 9.29559020094681 -3.68689031512799
1.97775965958821 9.18224974933287 -3.96074061276322
2.00737533846948 9.06092290467933 -4.23094221285312
2.03697167763195 8.9317340766529 -4.49725932754028
2.06654810334553 8.79481463624499 -4.75946107451855
2.09610405082614 8.65030288179975 -5.01732133080441
2.12563893785164 8.49834399220973 -5.27061872049459
2.15515214618205 8.33908996986713 -5.51913668509543
2.18464300752084 8.17269957644527 -5.76266360441477
2.21411079192633 7.99933826461184 -6.00099294815833
2.24355469730204 7.81917810867455 -6.23392344598345
2.2729738390304 7.63239773709193 -6.46125926853968
2.30236723906829 7.43918226982491 -6.68281021503847
2.33173381395796 7.23972326369389 -6.89839190481713
2.36107236126322 7.03421866926868 -7.10782597161526
2.39038154393867 6.82287280337871 -7.31094026013547
2.41965987209074 6.60589634212642 -7.50756902508226
2.44890568149782 6.38350634037249 -7.69755313337816
2.47811710811801 6.15592628511847 -7.88074027072026
2.50729205762018 5.92338619215844 -8.05698515412361
2.53642816871011 5.68612275797718 -8.22614975265093
2.56552276866567 5.44437958238474 -8.38810351920431
2.59457281900653 5.19840748215536 -8.5427236371155
2.62357484855221 4.94846492251248 -8.68989528639885
2.65252487018633 4.69481860246231 -8.82951193603661
2.68141827632407 4.43774424292878 -8.96147567071149
2.71024970618451 4.17752764524107 -9.08569756322529
2.73901287520406 3.91446611470926 -9.20209810780562
2.76770035281083 3.64887038453285 -9.31060773516385
2.79630326852063 3.38106723697484 -9.41116743841245
2.82481091656293 3.11140311497433 -9.50372955121565
2.85321021362902 2.84024917167857 -9.58825873824041
2.881484938537 2.56800846060943 -9.66473328724532
2.9096146384379 2.29512640672846 -9.73314683942766
2.93757300733851 2.02210648064939 -9.79351077382985
2.96532539487259 1.74953446617047 -9.845857599933
2.9928248091814 1.47811763426295 -9.89024596674148
3.02000514891228 1.20875139374113 -9.92676839340473
3.04676892587859 0.942640664298722 -9.95556387521805
3.07335253750786 0.677652744074767 -9.97710492775456
3.10112404872729 0.400312140480728 -9.99207691335294
3.12966008228319 0.11501491025716 -9.99943193387639
3.15867905262528 -0.175206735534562 -9.99855928413189
3.18799796649928 -0.468278330308112 -9.9891250386076
3.21749959797454 -0.762770033810745 -9.97096306507148
3.24710952177481 -1.05767511198932 -9.94400649358725
3.27678074720869 -1.352260391513 -9.90824671663676
3.3064837006458 -1.64596805607399 -9.86370973735397
3.33619979602476 -1.93835226239849 -9.81044293729384
3.36591734773423 -2.22903869637273 -9.74850789134414
3.39562898805531 -2.51769897936689 -9.67797659378224
3.42533004143414 -2.80403458146308 -9.59892955603315
3.4550175034403 -3.08776677646713 -9.5114548997257
3.48468940030604 -3.36863041722263 -9.41564795786696
3.51434438732613 -3.64637011765699 -9.31161112021959
3.54398149685301 -3.92073794664073 -9.1994537843912
3.57359997980388 -4.19149206914422 -9.07929234310021
3.60319920549745 -4.45839597956542 -8.95125017505298
3.63277859776733 -4.72121810431336 -8.81545762606405
3.662337593529 -4.97973163398584 -8.67205197658628
3.6918756151276 -5.23371449779569 -8.52117739624598
3.72139205101064 -5.48294942572097 -8.36298488781048
3.75088624127442 -5.72722406442121 -8.19763222360986
3.78035746587661 -5.96633112584015 -8.0252838775038
3.8098049340732 -6.20006855548105 -7.84611095539259
3.83922777410246 -6.42823971240132 -7.66029112719612
3.86862502241087 -6.65065355616189 -7.4680085632518
3.89799561186412 -6.86712483799738 -7.26945387825078
3.92733835845074 -7.07747429479275 -7.06482408617001
3.95665194599088 -7.28152884534323 -6.85432257018757
3.98593490831993 -7.47912178901773 -6.63815907232856
4.01518560833075 -7.67009300745947 -6.41654970862794
4.04440221312705 -7.85428917042221 -6.18971701699317
4.07358266435609 -8.03156394731587 -5.95789004681522
4.10272464253662 -8.20177822657476 -5.721304501872
4.1318255238558 -8.3648003456154 -5.48020295142863
4.16088232744236 -8.52050633497994 -5.23483512900256
4.18989165048293 -8.66878018134338 -4.98545834452983
4.21884958765747 -8.80951411550381 -4.73233804438582
4.24775163011549 -8.94260893342824 -4.47574856601025
4.27659253741918 -9.06797436111704 -4.21597415150267
4.30536617326654 -9.18552947781623 -3.95331031023429
4.33406529192984 -9.29520321747326 -3.6880656586754
4.36268125646831 -9.39693497612324 -3.42056442354489
4.39120366065141 -9.49067536444679 -3.15114988439247
4.41961981198415 -9.5763871622826 -2.88018917542432
4.44791400931353 -9.65404655923152 -2.60808010292127
4.47606650778129 -9.72364480946076 -2.33526103783786
4.50405199168465 -9.78519050203784 -2.06222565913631
4.53183724147028 -9.83871277518868 -1.78954565700163
4.55937741638763 -9.88426603448652 -1.51790713570725
4.58660981484962 -9.92193718316288 -1.24817202190989
4.61344268305683 -9.95185730716957 -0.981488645428346
4.63985639451371 -9.97431043848042 -0.718280773519661
4.66751747769639 -9.99036301308911 -0.442105751723368
4.69598331353243 -9.99890030823422 -0.157542598262871
4.72495850465397 -9.99926778825557 0.132243582539316
4.75425067409983 -9.99110424500373 0.425087094368149
4.78373642132096 -9.9742270549723 0.719497481261984
4.81333733595665 -9.94855949202205 1.01442850793723
4.8430038862633 -9.91408701312709 1.30912154718715
4.8727048909802 -9.87083193353011 1.60300247175006
4.90242075244239 -9.81883920183915 1.89561499442554
4.93213915114568 -9.75816864262811 2.18657808495049
4.96185232370749 -9.68889086069414 2.47555899875083
4.99155534872721 -9.61108516242262 2.76225631105753
5.0212450699868 -9.52483855499514 3.0463893143091
5.05091942094579 -9.43024529956939 3.32769144130844
5.08057700116976 -9.32740673352359 3.60590622559621
5.11021681057915 -9.21643121148681 3.88078485615475
5.13983808237465 -9.09743408913132 4.15208473142958
5.16944017753191 -8.97053771367238 4.41956863823625
5.19902251760435 -8.83587140588587 4.68300432045478
5.2285845412545 -8.69357142889646 4.94216429018054
5.25812567536777 -8.54378094389822 5.19682578916639
5.28764531499812 -8.38664995504672 5.44677084300692
5.31714280851077 -8.22233524647263 5.69178637221036
5.34661744560139 -8.05100031448482 5.93166433788934
5.37606844668112 -7.87281529795291 6.16620190831034
5.40549495260932 -7.68795690977997 6.39520163787773
5.43489601404621 -7.49660837238953 6.61847165348869
5.46427057985809 -7.29895936030127 6.83582584533169
5.49361748408043 -7.09520595318425 7.04708406058432
5.52293543095596 -6.88555060327906 7.25207229939518
5.55222297752746 -6.67020212180526 7.45062291319833
5.58147851318533 -6.44937568996543 7.6425748059309
5.61070023544514 -6.22329290149656 7.8277736391892
5.63988612105438 -5.99218184550778 8.00607204282775
5.66903389128659 -5.75627724073511 8.17732983303116
5.69814096995358 -5.51582063555888 8.34141424052167
5.72720443222086 -5.27106069249106 8.4982001523641
5.75622094170057 -5.02225358181836 8.64757037186865
5.7851866724478 -4.76966351738636 8.78941590247224
5.8140972112945 -4.5135634791909 8.92363626334541
5.8429474342532 -4.25423618413863 9.05013984703616
5.87173134825218 -3.99197539061115 9.16884433304358
5.90044188580884 -3.72708765842511 9.27967717630347
5.9290706347262 -3.45989474017739 9.38257619693589
5.95760747635813 -3.19073686420367 9.47749030849556
5.98604009242917 -2.91997730331734 9.56438043844113
6.01435327820809 -2.64800884292686 9.64322072012335
6.04252796226407 -2.37526313416964 9.71400007652541
6.07053976682887 -2.10222457407895 9.77672438377571
6.09835682053874 -1.829451568213 9.83141951932712
6.12593629663048 -1.55761040304406 9.87813581108109
6.15321865078599 -1.28753191782891 9.91695480888573
6.18011739758186 -1.02031246935633 9.94800013440495
6.20649938027135 -0.757509428679208 9.97145605144374
6.23398559595328 -0.483145690809789 9.98851044108209
6.26233954046362 -0.199737808458728 9.99819441483668
6.29124432555679 0.0893412915532262 9.99979111452986
6.32049288846111 0.381782596222584 9.99290070733258
6.34995213248836 0.676000232248422 9.97731752592194
6.37953737668678 0.970885760700421 9.95295138743494
6.40919508574448 1.26564051150819 9.91977993298548
6.43889154309912 1.5596647619945 9.87782086783157
6.46860555433861 1.85248591075558 9.82711629659434
6.49832379830616 2.14371251663666 9.76772414142754
6.52803788537086 2.43300515140051 9.69971358752608
6.55774250394384 2.72005804526288 9.62316275670958
6.58743425576846 3.00458760384479 9.53815757752965
6.61711092514904 3.28632527555257 9.44479127445508
6.6467710207209 3.56501316228777 9.3431641608177
6.67641348800625 3.8404013547513 9.23338356834907
6.7060375287862 4.11224634912482 9.11556382812151
6.73564248714542 4.38031014020216 8.98982626201103
6.76522777702281 4.64435973664403 8.85629916704558
6.7947928354945 4.90416693893029 8.71511778672047
6.82433709189668 5.15950828025126 8.56642426893293
6.85385994657135 5.41016506802951 8.41036761259126
6.88336075530985 5.65592348723744 8.24710360581271
6.91283881699373 5.89657474137694 8.07679475879868
6.94229336281164 6.13191521619352 7.89961023440794
6.971723545967 6.36174665696864 7.71572577935898
7.00112843111 6.58587635386505 7.52532365898527
7.03050698290536 6.8041173321035 7.32859259859322
7.0598580532327 7.01628854523485 7.12572773475886
7.08918036653682 7.22221507076222 6.91693058037109
7.1184725028149 7.4217283080664 6.70240900791747
7.14773287765482 7.61466617912845 6.48237725645896
7.17695971862075 7.80087333301385 6.25705596902247
7.20615103711491 7.98020135554925 6.02667226885283
7.23530459461385 8.15250898613721 5.79145988525662
7.26441786186479 8.31766234426876 5.55165934284564
7.29348796920222 8.47553516906389 5.30751823215468
7.32251164556185 8.62600907616792 5.05929158531022
7.35148514296201 8.76897383765393 4.80724238832678
7.38040414208982 8.90432769236451 4.55164227270303
7.40926363301692 9.0319776965702 4.29277244481061
7.43805776273356 9.15184012822789 4.03092493450944
7.46677963774519 9.26384096294819 3.76640427830955
7.49542106478764 9.3679164467484 3.49952980349641
7.52397220472329 9.46401380093277 3.230638758479
7.55242110203914 9.55209210991537 2.96009065946416
7.58075303178047 9.63212346673111 2.68827342713778
7.60894957107864 9.70409448908929 2.41561223034049
7.63698724171152 9.76800838159252 2.14258255562279
7.66483545884222 9.82388782727599 1.86973012604066
7.69245330570862 9.87177918463138 1.59770243230656
7.71978420882429 9.91175883277194 1.32730106733659
7.74674658913195 9.94394325351151 1.05957400217306
7.77321607224461 9.96850609960564 0.79599177761098
7.80050045878743 9.98651378082995 0.523710920771327
7.82872477518068 9.99731747501933 0.241639798944218
7.85754770628736 10.0001295497781 -0.0466125663936294
7.88674536175693 9.99450600147857 -0.338573034960791
7.91617348174821 9.98021474128932 -0.632545952290046
7.94574014509072 9.95715017817697 -0.927351119723673
7.97538718546039 9.92528105844149 -1.2221436067794
8.00507795019736 9.88461990650879 -1.51629410647321
8.03478939418026 9.83520569662198 -1.80931116771657
8.06450703449732 9.77709431545584 -2.10079133719799
8.09422175466793 9.71035347467378 -2.39038749667752
8.12392778983532 9.63506009608155 -2.67778890152317
8.15362146020523 9.55129903114151 -2.96270867794837
8.18330037621292 9.45916247530088 -3.2448760463827
8.21296294010478 9.35874972650424 -3.52403152686342
8.24260803333195 9.25016710107934 -3.79992401994656
8.27223482019572 9.13352791114379 -4.0723090641003
8.30184262408216 9.00895245702387 -4.34094782932278
8.33143084890981 8.87656801419408 -4.60560657037288
8.36099892863232 8.73650880745135 -4.86605636616849
8.39054629403736 8.58891597137948 -5.12207303679129
8.4200723500837 8.43393749894492 -5.37343717027199
8.4495764595144 8.2717281810977 -5.61993421686628
8.47905793003617 8.10244954049289 -5.86135462452673
8.50851600331462 7.92626976239462 -6.09749399929067
8.53794984462185 7.74336362572436 -6.32815328058042
8.56735853232334 7.5539124371869 -6.55313892535787
8.59674104659025 7.35810397150714 -6.77226309757317
8.62609625682223 7.156132421069 -6.98534386095295
8.65542290729601 6.94819835868765 -7.19220537423574
8.68471960053283 6.73450871789817 -7.39267808870315
8.71398477781119 6.51527679605055 -7.58659894841855
8.74321669614123 6.29072228672784 -7.77381159406427
8.77241340085741 6.06107134964499 -7.9541665717343
8.80157269276633 5.82655672837944 -8.12752154854485
8.83069208848767 5.58741792922721 -8.29374153752229
8.8597687722198 5.34390147845955 -8.45269913497133
8.88879953660553 5.09626128069463 -8.60427477448597
8.91778070960496 4.84475910862099 -8.74835700303239
8.94670806320601 4.58966526485154 -8.88484278623724
8.97557669827406 4.33125947168437 -9.01363785234565
9.00438089763345 4.06983206623653 -9.13465708755236
9.03311393622504 3.80568561036484 -9.24782499998805
9.06176783230748 3.53913707280806 -9.35307627623392
9.090333016183 3.27052081481515 -9.45035646391817
9.1187978811356 3.0001927269634 -9.53962282848815
9.1471481621533 2.72853605387122 -9.62084545464929
9.17536605597682 2.45596976056167 -9.69400869846651
9.20342894027444 2.18296084670019 -9.75911315429267
9.23130744830881 1.91004302139922 -9.81617839972343
9.25896246086432 1.63784608432427 -9.86524695821872
9.28634017919569 1.36714431669711 -9.90639025104148
9.3133635614665 1.09894095843485 -9.9397179784611
9.33991624499994 0.834627371125588 -9.96539383570724
9.36700601241186 0.564360922005404 -9.98434711753647
9.39510500197529 0.283588060062031 -9.99626350251331
9.42384867736761 -0.00385844325845724 -10.0002854148266
9.45299700996376 -0.295348449470714 -9.99592469992568
9.48239497859191 -0.589080704153865 -9.98292261369627
9.51194366048722 -0.883805738423856 -9.96115788769287
9.54158040214667 -1.17863386197035 -9.93059014128674
9.5712657024534 -1.47290709640748 -9.89122653844659
9.60097471937284 -1.76611570017381 -9.84310279129263
9.63069184141678 -2.05784455224237 -9.7862726573125
9.66040724577555 -2.34773905764155 -9.72080230923759
9.6901147270342 -2.6354836297718 -9.64676742375805
9.71981033173445 -2.92078819895706 -9.5642517443557
9.74949150131501 -3.20337981083352 -9.47334641634379
9.77915653464034 -3.48299743811247 -9.37414970780739
9.80880425093588 -3.75938881428493 -9.26676690965733
9.8384337781435 -4.03230853614478 -9.15131030800921
9.86804441961681 -4.30151696060718 -9.02789917654842
9.8976355696336 -4.56677959758157 -8.89665976538651
9.92720665922172 -4.82786681183763 -8.75772527764974
9.95675712069759 -5.08455371674993 -8.61123583218589
9.98628636363325 -5.33662018673015 -8.45733841396556
10 -5.45209923777429 -8.38335868560257


0.0628318530717959 1 0
0.125663706143592 1 0
0.188495559215388 1 0
0.251327412287183 1 0
0.314159265358979 1 0
0.376991118430775 1 0
0.439822971502571 1 0
0.502654824574367 1 0
0.565486677646163 1 0
0.628318530717959 1 0
0.691150383789755 1 0
0.75398223686155 1 0
0.816814089933346 1 0
0.879645943005142 1 0
0.942477796076938 1 0
1.00530964914873 1 0
1.06814150222053 1 0
1.13097335529233 1 0
1.19380520836412 1 0
1.25663706143592 1 0
1.31946891450771 1 0
1.38230076757951 1 0
1.4451326206513 1 0
1.5079644737231 1 0
1.5707963267949 1 0
1.63362817986669 1 0
1.69646003293849 1 0
1.75929188601028 1 0
1.82212373908208 1 0
1.88495559215388 1 0
1.94778744522567 1 0
2.01061929829747 1 0
2.07345115136926 1 0
2.13628300444106 1 0
2.19911485751286 1 0
2.26194671058465 1 0
2.32477856365645 1 0
2.38761041672824 1 0
2.45044226980004 1 0
2.51327412287183 1 0
2.57610597594363 1 0
2.63893782901543 1 0
2.70176968208722 1 0
2.76460153515902 1 0
2.82743338823081 1 0
2.89026524130261 1 0
2.95309709437441 1 0
3.0159289474462 1 0
3.078760800518 1 0
3.14159265358979 1 0
3.20442450666159 1 0
3.26725635973338 1 0
3.33008821280518 1 0
3.39292006587698 1 0
3.45575191894877 1 0
3.51858377202057 1 0
3.58141562509236 1 0
3.64424747816416 1 0
3.70707933123596 1 0
3.76991118430775 1 0
3.83274303737955 1 0
3.89557489045134 1 0
3.95840674352314 1 0
4.02123859659494 1 0
4.08407044966673 1 0
4.14690230273853 1 0
4.20973415581032 1 0
4.27256600888212 1 0
4.33539786195391 1 0
4.39822971502571 1 0
4.46106156809751 1 0
4.5238934211693 1 0
4.5867252742411 1 0
4.64955712731289 1 0
4.71238898038469 1 0
4.77522083345649 1 0
4.83805268652828 1 0
4.90088453960008 1 0
4.96371639267187 1 0
5.02654824574367 1 0
5.08938009881546 1 0
5.15221195188726 1 0
5.21504380495906 1 0
5.27787565803085 1 0
5.34070751110265 1 0
5.40353936417444 1 0
5.46637121724624 1 0
5.52920307031804 1 0
5.59203492338983 1 0
5.65486677646163 1 0
5.71769862953342 1 0
5.78053048260522 1 0
5.84336233567702 1 0
5.90619418874881 1 0
5.96902604182061 1 0
6.0318578948924 1 0
6.0946897479642 1 0
6.15752160103599 1 0
6.22035345410779 1 0
6.28318530717959 1 0
6.34601716025138 1 0
6.40884901332318 1 0
6.47168086639497 1 0
6.53451271946677 1 0
6.59734457253857 1 0
6.66017642561036 1 0
6.72300827868216 1 0
6.78584013175395 1 0
6.84867198482575 1 0
6.91150383789754 1 0
6.97433569096934 1 0
7.03716754404114 1 0
7.09999939711293 1 0
7.16283125018473 1 0
7.22566310325652 1 0
7.28849495632832 1 0
7.35132680940012 1 0
7.41415866247191 1 0
7.47699051554371 1 0
7.5398223686155 1 0
7.6026542216873 1 0
7.6654860747591 1 0
7.72831792783089 1 0
7.79114978090269 1 0
7.85398163397448 1 0
7.91681348704628 1 0
7.97964534011807 1 0
8.04247719318987 1 0
8.10530904626167 1 0
8.16814089933346 1 0
8.23097275240526 1 0
8.29380460547705 1 0
8.35663645854885 1 0
8.41946831162065 1 0
8.48230016469244 1 0
8.54513201776424 1 0
8.60796387083603 1 0
8.67079572390783 1 0
8.73362757697963 1 0
8.79645943005142 1 0
8.85929128312322 1 0
8.92212313619501 1 0
8.98495498926681 1 0
9.0477868423386 1 0
9.1106186954104 1 0
9.1734505484822 1 0
9.23628240155399 1 0
9.29911425462579 1 0
9.36194610769758 1 0
9.42477796076938 1 0
9.48760981384117 1 0
9.55044166691297 1 0
9.61327351998477 1 0
9.67610537305656 1 0
9.73893722612836 1 0
9.80176907920015 1 0
9.86460093227195 1 0
9.92743278534375 1 0
9.99026463841554 1 0
10.0530964914873 1 0
10.1159283445591 1 0
10.1787601976309 1 0
10.2415920507027 1 0
10.3044239037745 1 0
10.3672557568463 1 0
10.4300876099181 1 0
10.4929194629899 1 0
10.5557513160617 1 0
10.6185831691335 1 0
10.6814150222053 1 0
10.7442468752771 1 0
10.8070787283489 1 0
10.8699105814207 1 0
10.9327424344925 1 0
10.9955742875643 1 0
11.0584061406361 1 0
11.1212379937079 1 0
11.1840698467797 1 0
11.2469016998515 1 0
11.3097335529233 1 0
11.3725654059951 1 0
11.4353972590668 1 0
11.4982291121386 1 0
11.5610609652104 1 0
11.6238928182822 1 0
11.686724671354 1 0
11.7495565244258 1 0
11.8123883774976 1 0
11.8752202305694 1 0
11.9380520836412 1 0
12.000883936713 1 0
12.0637157897848 1 0
12.1265476428566 1 0
12.1893794959284 1 0
12.2522113490002 1 0
12.315043202072 1 0
12.3778750551438 1 0
12.4407069082156 1 0
12.5035387612874 1 0
12.5663706143592 1 0
12.629202467431 1 0
12.6920343205028 1 0
12.7548661735746 1 0
12.8176980266464 1 0
12.8805298797182 1 0
12.9433617327899 1 0
13.0061935858617 1 0
13.0690254389335 1 0
13.1318572920053 1 0
13.1946891450771 1 0
13.2575209981489 1 0
13.3203528512207 1 0
13.3831847042925 1 0
13.4460165573643 1 0
13.5088484104361 1 0
13.5716802635079 1 0
13.6345121165797 1 0
13.6973439696515 1 0
13.7601758227233 1 0
13.8230076757951 1 0
13.8858395288669 1 0
13.9486713819387 1 0
14.0115032350105 1 0
14.0743350880823 1 0
14.1371669411541 1 0
14.1999987942259 1 0
14.2628306472977 1 0
14.3256625003695 1 0
14.3884943534413 1 0
14.451326206513 1 0
14.5141580595848 1 0
14.5769899126566 1 0
14.6398217657284 1 0
14.7026536188002 1 0
14.765485471872 1 0
14.8283173249438 1 0
14.8911491780156 1 0
14.9539810310874 1 0
15.0168128841592 1 0
15.079644737231 1 0
15.1424765903028 1 0
15.2053084433746 1 0
15.2681402964464 1 0
15.3309721495182 1 0
15.39380400259 1 0
15.4566358556618 1 0
15.5194677087336 1 0
15.5822995618054 1 0
15.6451314148772 1 0
15.707963267949 1 0
15.7707951210208 1 0
15.8336269740926 1 0
15.8964588271644 1 0
15.9592906802361 1 0
16.0221225333079 1 0
16.0849543863797 1 0
16.1477862394515 1 0
16.2106180925233 1 0
16.2734499455951 1 0
16.3362817986669 1 0
16.3991136517387 1 0
16.4619455048105 1 0
16.5247773578823 1 0
16.5876092109541 1 0
16.6504410640259 1 0
16.7132729170977 1 0
16.7761047701695 1 0
16.8389366232413 1 0
16.9017684763131 1 0
16.9646003293849 1 0
17.0274321824567 1 0
17.0902640355285 1 0
17.1530958886003 1 0
17.2159277416721 1 0
17.2787595947439 1 0
17.3415914478157 1 0
17.4044233008875 1 0
17.4672551539593 1 0
17.530087007031 1 0
17.5929188601028 1 0
17.6557507131746 1 0
17.7185825662464 1 0
17.7814144193182 1 0
17.84424627239 1 0
17.9070781254618 1 0
17.9699099785336 1 0
18.0327418316054 1 0
18.0955736846772 1 0
18.158405537749 1 0
18.2212373908208 1 0
18.2840692438926 1 0
18.3469010969644 1 0
18.4097329500362 1 0
18.472564803108 1 0
18.5353966561798 1 0
18.5982285092516 1 0
18.6610603623234 1 0
18.7238922153952 1 0
18.786724068467 1 0
18.8495559215388 1 0
18.9123877746106 1 0
18.9752196276823 1 0
19.0380514807541 1 0
19.1008833338259 1 0
19.1637151868977 1 0
19.2265470399695 1 0
19.2893788930413 1 0
19.3522107461131 1 0
19.4150425991849 1 0
19.4778744522567 1 0
19.5407063053285 1 0
19.6035381584003 1 0
19.6663700114721 1 0
19.7292018645439 1 0
19.7920337176157 1 0
19.8548655706875 1 0
19.9176974237593 1 0
19.9805292768311 1 0
20.0433611299029 1 0
20.1061929829747 1 0
20.1690248360465 1 0
20.2318566891183 1 0
20.2946885421901 1 0
20.3575203952619 1 0
20.4203522483337 1 0
20.4831841014055 1 0
20.5460159544772 1 0
20.608847807549 1 0
20.6716796606208 1 0
20.7345115136926 1 0
20.7973433667644 1 0
20.8601752198362 1 0
20.923007072908 1 0
20.9858389259798 1 0
21.0486707790516 1 0
21.1115026321234 1 0
21.1743344851952 1 0
21.237166338267 1 0
21.2999981913388 1 0
21.3628300444106 1 0
21.4256618974824 1 0
21.4884937505542 1 0
21.551325603626 1 0
21.6141574566978 1 0
21.6769893097696 1 0
21.7398211628414 1 0
21.8026530159132 1 0
21.865484868985 1 0
21.9283167220568 1 0
21.9911485751286 1 0
22.0539804282003 1 0
22.1168122812721 1 0
22.1796441343439 1 0
22.2424759874157 1 0
22.3053078404875 1 0
22.3681396935593 1 0
22.4309715466311 1 0
22.4938033997029 1 0
22.5566352527747 1 0
22.6194671058465 1 0
22.6822989589183 1 0
22.7451308119901 1 0
22.8079626650619 1 0
22.8707945181337 1 0
22.9336263712055 1 0
22.9964582242773 1 0
23.0592900773491 1 0
23.1221219304209 1 0
23.1849537834927 1 0
23.2477856365645 1 0
23.3106174896363 1 0
23.3734493427081 1 0
23.4362811957799 1 0
23.4991130488517 1 0
23.5619449019235 1 0
23.6247767549952 1 0
23.687608608067 1 0
23.7504404611388 1 0
23.8132723142106 1 0
23.8761041672824 1 0
23.9389360203542 1 0
24.001767873426 1 0
24.0645997264978 1 0
24.1274315795696 1 0
24.1902634326414 1 0
24.2530952857132 1 0
24.315927138785 1 0
24.3787589918568 1 0
24.4415908449286 1 0
24.5044226980004 1 0
24.5672545510722 1 0
24.630086404144 1 0
24.6929182572158 1 0
24.7557501102876 1 0
24.8185819633594 1 0
24.8814138164312 1 0
24.944245669503 1 0
25.0070775225748 1 0
25.0699093756465 1 0
25.1327412287183 1 0
25.1955730817901 1 0
25.2584049348619 1 0
25.3212367879337 1 0
25.3840686410055 1 0
25.4469004940773 1 0
25.5097323471491 1 0
25.5725642002209 1 0
25.6353960532927 1 0
25.6982279063645 1 0
25.7610597594363 1 0
25.8238916125081 1 0
25.8867234655799 1 0
25.9495553186517 1 0
26.0123871717235 1 0
26.0752190247953 1 0
26.1380508778671 1 0
26.2008827309389 1 0
26.2637145840107 1 0
26.3265464370825 1 0
26.3893782901543 1 0
26.4522101432261 1 0
26.5150419962979 1 0
26.5778738493697 1 0
26.6407057024414 1 0
26.7035375555132 1 0
26.766369408585 1 0
26.8292012616568 1 0
26.8920331147286 1 0
26.9548649678004 1 0
27.0176968208722 1 0
27.080528673944 1 0
27.1433605270158 1 0
27.2061923800876 1 0
27.2690242331594 1 0
27.3318560862312 1 0
27.394687939303 1 0
27.4575197923748 1 0
27.5203516454466 1 0
27.5831834985184 1 0
27.6460153515902 1 0
27.708847204662 1 0
27.7716790577338 1 0
27.8345109108056 1 0
27.8973427638774 1 0
27.9601746169492 1 0
28.023006470021 1 0
28.0858383230928 1 0
28.1486701761645 1 0
28.2115020292363 1 0
28.2743338823081 1 0
28.3371657353799 1 0
28.3999975884517 1 0
28.4628294415235 1 0
28.5256612945953 1 0
28.5884931476671 1 0
28.6513250007389 1 0
28.7141568538107 1 0
28.7769887068825 1 0
28.8398205599543 1 0
28.9026524130261 1 0
28.9654842660979 1 0
29.0283161191697 1 0
29.0911479722415 1 0
29.1539798253133 1 0
29.2168116783851 1 0
29.2796435314569 1 0
29.3424753845287 1 0
29.4053072376005 1 0
29.4681390906723 1 0
29.5309709437441 1 0
29.5938027968159 1 0
29.6566346498876 1 0
29.7194665029594 1 0
29.7822983560312 1 0
29.845130209103 1 0
29.9079620621748 1 0
29.9707939152466 1 0
30.0336257683184 1 0
30.0964576213902 1 0
30.159289474462 1 0
30.2221213275338 1 0
30.2849531806056 1 0
30.3477850336774 1 0
30.4106168867492 1 0
30.473448739821 1 0
30.5362805928928 1 0
30.5991124459646 1 0
30.6619442990364 1 0
30.7247761521082 1 0
30.78760800518 1 0
30.8504398582518 1 0
30.9132717113236 1 0
30.9761035643954 1 0
31.0389354174672 1 0
31.101767270539 1 0
31.1645991236107 1 0
31.2274309766825 1 0
31.2902628297543 1 0
31.3530946828261 1 0
31.4159265358979 1 0


0.0628318530717959 0.968603017545502 -0.499013283002894
0.125663706143592 0.937326447089317 -0.496056626982982
0.188495559215388 0.906296749642767 -0.49114152856413
0.251327412287183 0.875638968155637 -0.484287841384795
0.314159265358979 0.845472635506665 -0.475522582868679
0.376991118430775 0.815915756033779 -0.464880089585635
0.439822971502571 0.787086728474443 -0.452403001094103
0.502654824574367 0.759098339750522 -0.438140337789814
0.565486677646163 0.732060673599487 -0.422148216114097
0.628318530717959 0.706080631602427 -0.404489846762939
0.691150383789755 0.681260754465096 -0.385234936469494
0.75398223686155 0.657698964972139 -0.364459458745816
0.816814089933346 0.635488220787502 -0.342245371050947
0.879645943005142 0.614716204415517 -0.318680350789421
0.942477796076938 0.595465148246201 -0.293857705839241
1.00530964914873 0.577810956108289 -0.2678753977312
1.06814150222053 0.561823087502519 -0.240835698943214
1.13097335529233 0.547565191431744 -0.21284638099671
1.19380520836412 0.535092795624123 -0.184016671147892
1.25663706143592 0.524455368153347 -0.154460831702197
1.31946891450771 0.5156949250606 -0.124295751253429
1.38230076757951 0.508845876854412 -0.0936400694862513
1.4451326206513 0.503935278822816 -0.0626148792687856
1.5079644737231 0.500982509725036 -0.0313427469185853
1.5707963267949 0.499999186958983 5.3076370410258E-05
1.63362817986669 0.500989199105336 0.0314488980265212
1.69646003293849 0.503948628587704 0.0627203578238192
1.75929188601028 0.508865812704976 0.0937443954098721
1.82212373908208 0.515721333292563 0.124398436576521
1.88495559215388 0.524488155715905 0.1545615763269
1.94778744522567 0.535131647877721 0.184114658751591
2.01061929829747 0.547609906514941 0.21294129768356
2.07345115136926 0.561873516537088 0.240927324119427
2.13628300444106 0.577866465708483 0.267962823625199
2.19911485751286 0.595525289355057 0.293940476992665
2.26194671058465 0.614780701024759 0.318758363278519
2.32477856365645 0.63555640350342 0.342318088521737
2.38761041672824 0.657770562583928 0.364526856189474
2.45044226980004 0.681335629313703 0.385297091703347
2.51327412287183 0.70615819588064 0.404546453639838
2.57610597594363 0.732140391913973 0.422199093273973
2.63893782901543 0.759179626419087 0.438185342918314
2.70176968208722 0.787169300067318 0.452442198017454
2.76460153515902 0.815998845840243 0.464913351880527
2.82743338823081 0.845554487617023 0.475549610128187
2.89026524130261 0.875719607243991 0.484309022686799
2.95309709437441 0.906375193954568 0.491157040263242
3.0159289474462 0.937400360903427 0.49606665489106
3.078760800518 0.968672391341185 0.49901845434795
3.14159265358979 1.00006812929357 0.500000828781423
3.20442450666159 1.03146358133566 0.499009893155414
3.26725635973338 1.06273486775691 0.496049557569996
3.33008821280518 1.09375853787792 0.49113151072331
3.39292006587698 1.12441227854501 0.4842751360496
3.45575191894877 1.15457488257674 0.475507544611495
3.51858377202057 1.18412762095987 0.464863246639182
3.58141562509236 1.21295353820977 0.452384357722395
3.64424747816416 1.24093920126101 0.438119982257277
3.70707933123596 1.26797384372205 0.422126563877014
3.76991118430775 1.29395105508984 0.404467052063068
3.83274303737955 1.31876814503862 0.385211230124336
3.89557489045134 1.34232716743941 0.36443509146354
3.95840674352314 1.36453521925539 0.342220550079313
4.02123859659494 1.38530463479473 0.318655264111189
4.08407044966673 1.40455345716244 0.293832181202093
4.14690230273853 1.42220571830287 0.267849206579326
4.20973415581032 1.43819147136896 0.240809286303499
4.27256600888212 1.45244786142982 0.212818763717111
4.33539786195391 1.46491850234497 0.18398829831294
4.39822971502571 1.4755541339511 0.154431811703323
4.46106156809751 1.48431281556351 0.124265941859666
4.5238934211693 1.49116003000464 0.0936096221601519
4.5867252742411 1.49606875080203 0.062583858921485
4.64955712731289 1.49901960675137 0.0313111031908198
4.71238898038469 1.50000095388383 -8.52258590700438E-05
4.77522083345649 1.49900891967561 -0.0314812236774258
4.83805268652828 1.49604743155379 -0.0627528591578674
4.90088453960008 1.49112818040608 -0.0937768216833474
4.96371639267187 1.48427057967506 -0.124430678342924
5.02654824574367 1.47550168753016 -0.154593465976583
5.08938009881546 1.46485610366998 -0.184146150028798
5.15221195188726 1.45237583670843 -0.2129720917719
5.21504380495906 1.43811013769484 -0.240957517646011
5.27787565803085 1.42211530705909 -0.267991967824207
5.34070751110265 1.40445447357705 -0.293968732590134
5.40353936417444 1.38519734197434 -0.318785279808211
5.46637121724624 1.36441996725489 -0.342343603801679
5.52920307031804 1.34220451742843 -0.364550583048278
5.59203492338983 1.31863847564075 -0.385318808922888
5.65486677646163 1.29381503433647 -0.404566173473319
5.71769862953342 1.26783202294671 -0.422216852647848
5.78053048260522 1.24079204080188 -0.438201158239049
5.84336233567702 1.21280178323988 -0.452456032323456
5.90619418874881 1.18397167438135 -0.464925242851986
5.96902604182061 1.15441564648661 -0.475559526172221
6.0318578948924 1.12425012046436 -0.4843170033522
6.0946897479642 1.09359436013556 -0.491163052175947
6.15752160103599 1.06256916930399 -0.496070704355066
6.22035345410779 1.0312970388247 -0.499020577371977
6.28318530717959 0.999901455333781 -0.500001027505287
6.34601716025138 0.968506256322257 -0.499008193787637
6.40884901332318 0.937235332190096 -0.496045992073682
6.47168086639497 0.906212097942071 -0.491126109935328
6.53451271946677 0.875558989511824 -0.484267961157693
6.59734457253857 0.845396974375768 -0.475498606671188
6.66017642561036 0.815845129929655 -0.464852666284103
6.72300827868216 0.787020057245184 -0.452372146437046
6.78584013175395 0.759035461809685 -0.438106270827575
6.84867198482575 0.732001841038746 -0.422111357887454
6.91150383789754 0.706025882632878 -0.404450527412821
6.97433569096934 0.681210085738636 -0.385193459184906
7.03716754404114 0.657652342742889 -0.364416099258422
7.09999939711293 0.635445705488963 -0.342200497161604
7.16283125018473 0.614677849840964 -0.318634361552126
7.22566310325652 0.595430772008157 -0.293810749055016
7.28849495632832 0.577780392980886 -0.267827593919189
7.35132680940012 0.561796385243319 -0.240787475165873
7.41415866247191 0.547541799816823 -0.212797068798454
7.47699051554371 0.535072919146035 -0.18396690775065
7.5398223686155 0.524438923549824 -0.154410732132428
7.6026542216873 0.515681768817454 -0.124245163095932
7.6654860747591 0.508836026119817 -0.0935893037235948
7.72831792783089 0.503928697785054 -0.0625641055429344
7.79114978090269 0.50097914508432 -0.0312919776803709
7.85398163397448 0.499999011594598 0.000103666427628205
7.91681348704628 0.50099216520167 0.0314988415576323
7.97964534011807 0.503954687454397 0.0627697506570267
8.04247719318987 0.508874885348391 0.0937929264823996
8.10530904626167 0.515733339393049 0.124445932664062
8.16814089933346 0.52450300329485 0.154607868734396
8.23097275240526 0.535149237894597 0.1841595877814
8.29380460547705 0.547630050480415 0.212984533998972
8.35663645854885 0.561896193688598 0.240968953277178
8.41946831162065 0.577891369354733 0.268002396581106
8.48230016469244 0.595552451964766 0.293978164210204
8.54513201776424 0.614809754616688 0.31879375018683
8.60796387083603 0.635587310913373 0.342351242996768
8.67079572390783 0.657803070471838 0.364557600715587
8.73362757697963 0.681369406020754 0.385325225974427
8.79645943005142 0.706193214979114 0.404572069583608
8.85929128312322 0.732176487962088 0.422222160543051
8.92212313619501 0.759216743105735 0.438205898472473
8.98495498926681 0.787207258517373 0.452460202668858
9.0477868423386 0.816037496928871 0.464928792208928
9.1106186954104 0.84559376973388 0.475562507918199
9.1734505484822 0.875759391434197 0.484319370275284
9.23628240155399 0.906415355358463 0.491164833782705
9.29911425462579 0.937440588481185 0.496071867192612
9.36194610769758 0.968712732628604 0.499021124060661
9.42477796076938 1.00010836152192 0.50000096166042
9.48760981384117 1.0315035618772 0.499007511984207
9.55044166691297 1.06277443713042 0.496044695141755
9.61327351998477 1.09379755875933 0.491124205807815
9.67610537305656 1.12445049272046 0.484265464820817
9.73893722612836 1.15461229586939 0.475495532912849
9.80176907920015 1.18416393698944 0.464849015029501
9.86460093227195 1.21298879716486 0.452367918564346
9.92743278534375 1.24097303559229 0.438101536391457
9.99026463841554 1.26800634305184 0.422106100298934
10.0530964914873 1.2939819055813 0.404444802718104
10.1159283445591 1.31879729599961 0.385187283672556
10.1787601976309 1.34235455690285 0.364409546683799
10.2415920507027 1.36456070124374 0.342193595760183
10.3044239037745 1.38532811102937 0.318627072641571
10.3672557568463 1.40457483054195 0.293802952781367
10.4300876099181 1.4222248524763 0.267819244589702
10.4929194629899 1.43820847933375 0.240778544396577
10.5557513160617 1.45246265087236 0.212787531681731
10.6185831691335 1.46493106433705 0.183956772444642
10.6814150222053 1.47556453068095 0.154400031060421
10.7442468752771 1.48432109819033 0.12423393307798
10.8070787283489 1.49116621472226 0.0935775055523561
10.8699105814207 1.49607284325094 0.0625518719035124
10.9327424344925 1.49902165364778 0.0312793051256484
10.9955742875643 1.50000099546458 -0.000116733132333391
11.0584061406361 1.49900700590655 -0.0315122077480949
11.1212379937079 1.49604361191377 -0.0627833490411429
11.1840698467797 1.49112250186654 -0.0938067431443499
11.2469016998515 1.48426309289774 -0.124459941583751
11.3097335529233 1.47549248757461 -0.154621850598231
11.3725654059951 1.4648452626976 -0.184173579309399
11.4353972590668 1.45236342417484 -0.21299850222405
11.4982291121386 1.43809629111518 -0.240982721637459
11.5610609652104 1.4221000981975 -0.268015939486902
11.6238928182822 1.40443801095537 -0.29399138781829
11.686724671354 1.38517971427461 -0.318806576914668
11.7495565244258 1.36440127924088 -0.342363486745863
11.8123883774976 1.34218476525634 -0.364569112464323
11.8752202305694 1.31861779226493 -0.385335899378627
11.9380520836412 1.29379345253113 -0.404581833751978
12.000883936713 1.26780960308052 -0.422231061910221
12.0637157897848 1.24076890659788 -0.438213858561712
12.1265476428566 1.21277799758009 -0.452467208776427
12.1893794959284 1.18394735983089 -0.464934854476383
12.2522113490002 1.15439076432966 -0.47556759850633
12.315043202072 1.12422490202443 -0.484323467219282
12.3778750551438 1.09356878666389 -0.49116792191318
12.4407069082156 1.06254338115947 -0.496073955369625
12.5035387612874 1.03127118083399 -0.499022198872389
12.5663706143592 0.999875549339479 -0.500001024455517
12.629202467431 0.968480411394468 -0.499006566711454
12.6920343205028 0.937209685840809 -0.496042752800372
12.7548661735746 0.906186730247358 -0.491121273166134
12.8176980266464 0.87553404308949 -0.484261559735433
12.8805298797182 0.845372532401241 -0.475490670224888
12.9433617327899 0.815821279776299 -0.464843230168725
13.0061935858617 0.786996852887047 -0.452361236087807
13.0690254389335 0.759013081463479 -0.438093976768334
13.1318572920053 0.731980353884585 -0.422097732504301
13.1946891450771 0.70600535795685 -0.404435627088873
13.2575209981489 0.68119060990696 -0.385177360117592
13.3203528512207 0.65763402686671 -0.364398911980236
13.3831847042925 0.635428638754201 -0.342182334103128
13.4460165573643 0.614662026135869 -0.31861524522369
13.5088484104361 0.595416249444866 -0.293790771935542
13.5716802635079 0.577767222615479 -0.267806853025397
13.6345121165797 0.561784585785893 -0.240766025930015
13.6973439696515 0.54753141816507 -0.212775022777828
13.7601758227233 0.535063972370662 -0.183944331020793
13.8230076757951 0.524431421362644 -0.154387670296545
13.8858395288669 0.515675748894623 -0.124221753592353
13.9486713819387 0.508831492449206 -0.0935655920892577
14.0115032350105 0.503925662144582 -0.062540168625071
14.0743350880823 0.500977619364993 -0.0312679307835096
14.1371669411541 0.499998998000325 0.00012770107102033
14.1999987942259 0.500993659387312 0.0315228299886231
14.2628306472977 0.503957677870917 0.0627935497246014
14.3256625003695 0.508879356980887 0.0938164578769862
14.3884943534413 0.515739274466292 0.124469121033727
14.451326206513 0.524510356035589 0.154630558082137
14.5141580595848 0.535157986534095 0.18418173688418
14.5769899126566 0.547640155463986 0.213006055571358
14.6398217657284 0.561907611943833 0.240989766401314
14.7026536188002 0.577904020711003 0.268022371125787
14.765485471872 0.5955662977383 0.29399725743501
14.8283173249438 0.614824726553709 0.318811881552827
14.8911491780156 0.635603301283422 0.342368300972339
14.9539810310874 0.657820021573259 0.36457354628408
15.0168128841592 0.681387195586532 0.385339966818344
15.079644737231 0.706211789912526 0.40458558711902
15.1424765903028 0.732195832338145 0.422234458235076
15.2053084433746 0.75923673315608 0.438216908508863
15.2681402964464 0.78722782495967 0.452469900194032
15.3309721495182 0.816058592328981 0.464937164204262
15.39380400259 0.845615296377876 0.475569522199541
15.4566358556618 0.875781276873731 0.484325009549334
15.5194677087336 0.90643748477507 0.49116907535699
15.5822995618054 0.937462941074201 0.496074711989469
15.6451314148772 0.968735203629608 0.499022559536452
15.707963267949 1.00013082489265 0.500000983853765
15.7707951210208 1.03152593849824 0.49900612699588
15.8336269740926 1.06279665258479 0.496041912329092
15.8964588271644 1.09381952122171 0.491120040838513
15.9592906802361 1.12447212541849 0.484259936159265
16.0221225333079 1.1546335093543 0.475488666965651
16.0849543863797 1.1841846356563 0.464840847616487
16.1477862394515 1.21300887567049 0.45235849903292
16.2106180925233 1.24099247042112 0.438090882379539
16.2734499455951 1.26802498968509 0.42209429803936
16.3362817986669 1.29399976396541 0.404431861077012
16.3991136517387 1.31881423199366 0.38517330747205
16.4619455048105 1.34237052680262 0.364394585967613
16.5247773578823 1.36457564496265 0.342177719969546
16.5876092109541 1.38534193698792 0.318610398220373
16.6504410640259 1.40458748046358 0.2937855804347
16.7132729170977 1.42223630037837 0.267801244059572
16.7761047701695 1.43821873066705 0.240759937826096
16.8389366232413 1.45247160920734 0.212768533801178
16.9017684763131 1.46493877161739 0.183937347785989
16.9646003293849 1.47557094545739 0.154380332394536
17.0274321824567 1.48432623256265 0.124213985186065
17.0902640355285 1.49117005502171 0.0935574306156965
17.1530958886003 1.49607540236372 0.0625316923152282
17.2159277416721 1.4990229304311 0.0312591445365663
17.2787595947439 1.50000100239135 -0.000136779899783143
17.3415914478157 1.49900575689851 -0.0315321669809193
17.4044233008875 1.49604112264532 -0.0628031000612836
17.4672551539593 1.49111880602108 -0.0938261399666369
17.530087007031 1.48425822690003 -0.12447890408882
17.5929188601028 1.47548645714692 -0.15464041811066
17.6557507131746 1.46483811013666 -0.184191648609548
17.7185825662464 1.45235522433422 -0.213015926782944
17.7814144193182 1.43808705881388 -0.240999512736114
17.84424627239 1.42208988481815 -0.268032028630851
17.9070781254618 1.40442690333851 -0.294006669146513
17.9699099785336 1.38516773721719 -0.318821045946513
18.0327418316054 1.36438853767201 -0.342377044421506
18.0955736846772 1.34217125600737 -0.36458178767845
18.158405537749 1.31860358530473 -0.385347641383221
18.2212373908208 1.29377857718141 -0.404592630822706
18.2840692438926 1.26779415048596 -0.422240858121249
18.3469010969644 1.24075287754129 -0.438222661323664
18.4097329500362 1.21276148295265 -0.452474971286463
18.472564803108 1.18393042207021 -0.464941552546
18.5353966561798 1.15437347357083 -0.475573209144244
18.5982285092516 1.12420730996634 -0.484327977307964
18.6610603623234 1.0935509532886 -0.491171317862448
18.7238922153952 1.0625253896736 -0.496076222861623
18.786724068467 1.03125308746234 -0.499023332594673
18.8495559215388 0.999857448625326 -0.50000102032159
18.9123877746106 0.968462367021666 -0.499005427926458
18.9752196276823 0.93719174710097 -0.496040483770132
19.0380514807541 0.906168996296947 -0.491117887842811
19.1008833338259 0.875516546246663 -0.484257065691592
19.1637151868977 0.845355389967956 -0.475485098975107
19.2265470399695 0.815804530931328 -0.464836598123852
19.2893788930413 0.786980580853921 -0.452353578646544
19.3522107461131 0.75899734538613 -0.438085325789566
19.4150425991849 0.731965212565149 -0.422088123922758
19.4778744522567 0.705990875329383 -0.404425105503289
19.5407063053285 0.681176856294489 -0.385165982784298
19.6035381584003 0.657621078567854 -0.364386752845878
19.6663700114721 0.635416480995369 -0.342169387994208
19.7292018645439 0.614650785877167 -0.318601657245939
19.7920337176157 0.595405908014128 -0.293776537387323
19.8548655706875 0.577757817591268 -0.267792032262604
19.9176974237593 0.561776155429994 -0.240750690214991
19.9805292768311 0.547523974862265 -0.21275920453403
20.0433611299029 0.53505754726309 -0.183928103429632
20.1061929829747 0.524426039118752 -0.154371106616168
20.1690248360465 0.51567141651365 -0.124204883878292
20.2318566891183 0.508828229272482 -0.0935484933751658
20.2946885421901 0.503923481097558 -0.062522918229879
20.3575203952619 0.500976526777724 -0.031250599621351
20.4203522483337 0.499998995375401 0.000145046783235179
20.4831841014055 0.500994744202472 0.0315401207770285
20.5460159544772 0.503959843633262 0.0628107210277131
20.608847807549 0.508882592822608 0.0938334412875186
20.6716796606208 0.515743564716867 0.124485847388739
20.7345115136926 0.52451568362059 0.154646969716329
20.7973433667644 0.535164331872548 0.184197777266791
20.8601752198362 0.5476474873723 0.213021649382117
20.923007072908 0.561915892441602 0.241004840145198
20.9858389259798 0.577913218309543 0.268036875057772
21.0486707790516 0.595576369642426 0.294011130328841
21.1115026321234 0.614835612737566 0.318825049707715
21.1743344851952 0.635614960954011 0.342380725465386
21.237166338267 0.657832405590707 0.36458518313708
21.2999981913388 0.681400241959162 0.385350766409888
21.3628300444106 0.706225446476504 0.404595515323225
21.4256618974824 0.732210044435564 0.422243483235934
21.4884937505542 0.759251453698712 0.438225006784144
21.551325603626 0.787243000016724 0.452477046639598
21.6141574566978 0.816074166081045 0.46494333598139
21.6769893097696 0.845631204919374 0.475574697008358
21.7398211628414 0.875797464194802 0.484329171781338
21.8026530159132 0.906453888517632 0.491172210858981
21.865484868985 0.937479478064764 0.496076807588288
21.9283167220568 0.968751810455517 0.49902361099557
21.9911485751286 1.0001474792845 0.500000991045569
22.0539804282003 1.0315425388091 0.499005090113294
22.1168122812721 1.06281313175549 0.496039838346431
22.1796441343439 1.09383583065046 0.49111693792658
22.2424759874157 1.12448819537931 0.484255818839247
22.3053078404875 1.15464927622694 0.475483553225374
22.3681396935593 1.18420003879176 0.464834758855814
22.4309715466311 1.21302385044429 0.452351462751637
22.4938033997029 1.24100695189383 0.438082931942503
22.5566352527747 1.26803891240063 0.422085473670758
22.6194671058465 1.294013067145 0.404422207406558
22.6822989589183 1.31882688940947 0.385162848749115
22.7451308119901 1.34238246921422 0.364383384181353
22.8079626650619 1.3645868170543 0.342165836044129
22.8707945181337 1.38535230585138 0.318597878008622
22.9336263712055 1.40459702338879 0.293772459867804
22.9964582242773 1.42224495076031 0.267787627212841
23.0592900773491 1.43822643829484 0.240745929950629
23.1221219304209 1.45247840167108 0.212754111752388
23.1849537834927 1.46494460814039 0.18392261840064
23.2477856365645 1.47557583097165 0.154365309509227
23.3106174896363 1.48433014413725 0.124198763609982
23.3734493427081 1.49117298504339 0.0935420844463062
23.4362811957799 1.49607736216532 0.062516199180761
23.4991130488517 1.49902390713505 0.0312436480506224
23.5619449019235 1.50000100361172 -0.000152239655233642
23.6247767549952 1.49900479037267 -0.031547541953274
23.687608608067 1.49603920381362 -0.0628182893443333
23.7504404611388 1.49111594299077 -0.0938411479971335
23.8132723142106 1.4842544331024 -0.124493678795119
23.8761041672824 1.47548177165656 -0.154654834875419
23.9389360203542 1.46483255425411 -0.184205676510833
24.001767873426 1.45234882620363 -0.213029518202933
24.0645997264978 1.4380798367073 -0.241012644400679
24.1274315795696 1.42208191858189 -0.26804457431541
24.1902634326414 1.40441817267263 -0.294018679196642
24.2530952857132 1.38515834347132 -0.318832393037725
24.315927138785 1.36437848655226 -0.342387739723358
24.3787589918568 1.34216059592577 -0.364591790046419
24.4415908449286 1.31859236091477 -0.385356918851508
24.5044226980004 1.29376679359698 -0.404601184668483
24.5672545510722 1.26778188790925 -0.422248632917258
24.630086404144 1.24074017936879 -0.438229635243385
24.6929182572158 1.21274838317579 -0.452481129081326
24.7557501102876 1.18391696922936 -0.464946872909038
24.8185819633594 1.15435974713141 -0.47557766334456
24.8814138164312 1.1241933201584 -0.484331564049038
24.944245669503 1.09353679145617 -0.491174014375615
25.0070775225748 1.06251110459876 -0.496078022777777
25.0699093756465 1.03123871398199 -0.499024232626386
25.1327412287183 0.999843043441236 -0.500001016439409
25.1955730817901 0.968448004369624 -0.499004520664693
25.2584049348619 0.93717748103279 -0.496038678170262
25.3212367879337 0.906154884392963 -0.491115192711847
25.3840686410055 0.875502643450862 -0.48425349314628
25.4469004940773 0.845341734128891 -0.475480659345024
25.5097323471491 0.815791198806476 -0.46483131710892
25.5725642002209 0.786967621110368 -0.452347477948751
25.6353960532927 0.758984802817572 -0.438078428328854
25.6982279063645 0.731953145568112 -0.422080463923234
25.7610597594363 0.705979336181786 -0.404416719726969
25.8238916125081 0.681165881032452 -0.385156901175991
25.8867234655799 0.657610700707373 -0.364377005302899
25.9495553186517 0.635406789318937 -0.342159064488065
26.0123871717235 0.614641771105555 -0.318590757161433
26.0752190247953 0.595397615763427 -0.293765120556199
26.1380508778671 0.577750271224782 -0.267780137265042
26.2008827309389 0.561769381585459 -0.240738364567833
26.2637145840107 0.547518007577731 -0.212746518574576
26.3265464370825 0.53505238189563 -0.1839150526871
26.3893782901543 0.524421712948432 -0.154357786800796
26.4522101432261 0.515667939835307 -0.124191337318032
26.5150419962979 0.508825611900525 -0.0935347661492447
26.5778738493697 0.503921731424837 -0.0625090604987982
26.6407057024414 0.500975650785352 -0.0312366650088871
26.7035375555132 0.49999899579874 0.000159004789550231
26.766369408585 0.500995620500255 0.0315540466450076
26.8292012616568 0.503961591740079 0.0628245596485739
26.8920331147286 0.508885204720758 0.0938471352504514
26.9548649678004 0.515747028981158 0.124499342202638
27.0176968208722 0.524519985304111 0.154660211568
27.080528673944 0.535169453550307 0.184210715932939
27.1433605270158 0.547653408590389 0.213034235479332
27.2061923800876 0.561922571794486 0.241016992281554
27.2690242331594 0.577920654224521 0.26804859496395
27.3318560862312 0.595584502331436 0.294022326405015
27.394687939303 0.614844418819187 0.318835696639929
27.4575197923748 0.635624401862994 0.342390780994462
27.5203516454466 0.657842426771074 0.364594595264727
27.5831834985184 0.681410830564635 0.385359527674646
27.6460153515902 0.706236533767817 0.404603572033866
27.708847204662 0.732221587018076 0.422250809551393
27.7716790577338 0.759263414627196 0.438231583526257
27.8345109108056 0.787255319635638 0.452482844893271
27.8973427638774 0.816086819803151 0.464948347240275
27.9601746169492 0.845644139311493 0.475578901091226
28.023006470021 0.875810623376039 0.484332552057271
28.0858383230928 0.906467218288388 0.49117475533063
28.1486701761645 0.937492940506049 0.496078510198861
28.2115020292363 0.968765351353366 0.49902446506588
28.2743338823081 1.00016103189827 0.500000993342625
28.3371657353799 1.03155606271889 0.499004241810403
28.3999975884517 1.06282656317819 0.49603814430483
28.4628294415235 1.0938491259161 0.491114404696569
28.5256612945953 1.12450130451827 0.484252456264987
28.5884931476671 1.15466213371645 0.475479379074685
28.6513250007389 1.18421258961701 0.464829793301785
28.7141568538107 1.21303605141063 0.452345725302047
28.7769887068825 1.24101876733636 0.438076440585536
28.8398205599543 1.26805027983243 0.422078264139614
28.9026524130261 1.29402395515956 0.404414301592561
28.9654842660979 1.31883723823604 0.3851542924735
29.0283161191697 1.34239223270613 0.364374220733607
29.0911479722415 1.36459596613357 0.342156098459208
29.1539798253133 1.38536080900716 0.318587604853146
29.2168116783851 1.40460481502742 0.293761740211485
29.2796435314569 1.42225203931482 0.267776461970806
29.3424753845287 1.43823279717109 0.240734367582452
29.4053072376005 1.45248400469953 0.212742208863953
29.4681390906723 1.46494942319467 0.183910459927103
29.5309709437441 1.47557986191513 0.154352906062791
29.5938027968159 1.48433337195329 0.124186193339317
29.6566346498876 1.49117541124357 0.0935293659623069
29.7194665029594 1.49607897918187 0.0625033968064409
29.7822983560312 1.49902471493988 0.0312308010734516
29.845130209103 1.50000100275387 -0.000165066666575989
29.9079620621748 1.4990039867483 -0.0315602967204017
29.9707939152466 1.49603760421209 -0.0628309411088282
30.0336257683184 1.49111355683555 -0.093853648464032
30.0964576213902 1.48425128298559 -0.124505939617761
30.159289474462 1.47547786403078 -0.154666854466143
30.2221213275338 1.46482791521549 -0.184217386556951
30.2849531806056 1.45234346817919 -0.213040898614
30.3477850336774 1.43807380435464 -0.241023610751984
30.4106168867492 1.42207522527382 -0.268055115086457
30.473448739821 1.40441086611811 -0.294028729256181
30.5362805928928 1.38515045195841 -0.318841925366333
30.5991124459646 1.3643700398027 -0.342396727809778
30.6619442990364 1.34215161467261 -0.364600217456726
30.7247761521082 1.318582900477 -0.38536473872767
30.78760800518 1.29375688185852 -0.404608379687216
30.8504398582518 1.26777156744636 -0.422255176455098
30.9132717113236 1.24072947052794 -0.438235516839392
30.9761035643954 1.21273733688034 -0.452486321719916
31.0389354174672 1.18390563987983 -0.464951353335076
31.101767270539 1.15434816208687 -0.475581422682749
31.1645991236107 1.12418154494256 -0.484334582677628
31.2274309766825 1.09352483601363 -0.491176290653874
31.2902628297543 1.06249904354735 -0.496079542255001
31.3530946828261 1.0312265909313 -0.499024991347594
31.4159265358979 0.999830896819763 -0.500001012665898


0.0628318530717959 0.968641741368975 -0.497796429370703
0.125663706143592 0.93747801856442 -0.49370375246212
0.188495559215388 0.906630033119156 -0.487735017115231
0.251327412287183 0.876216036679678 -0.479910674101431
0.314159265358979 0.846353277004238 -0.470258739103563
0.376991118430775 0.81715311368211 -0.458813206174819
0.439822971502571 0.788728286683446 -0.445616136847943
0.502654824574367 0.761186066995054 -0.430715385943652
0.565486677646163 0.734632801043199 -0.414166559671203
0.628318530717959 0.709169990736453 -0.396031280569236
0.691150383789755 0.684894609266954 -0.376377039527525
0.75398223686155 0.661899912968594 -0.355277807192422
0.816814089933346 0.64027423617134 -0.332813271774829
0.879645943005142 0.620100887128767 -0.309068778953836
0.942477796076938 0.601457687842405 -0.284134964323451
1.00530964914873 0.584416277525281 -0.258106888638787
1.06814150222053 0.569042072247732 -0.231083786550354
1.13097335529233 0.555394889908905 -0.203170326700441
1.19380520836412 0.543526635170198 -0.174472416432068
1.25663706143592 0.533483458094814 -0.145101227699339
1.31946891450771 0.525304029485729 -0.115169788140064
1.38230076757951 0.519019868255769 -0.0847933477661513
1.4451326206513 0.514655261406425 -0.0540891900289583
1.5079644737231 0.512227082819943 -0.0231759616715992
1.5707963267949 0.511744718581689 0.00782660983092036
1.63362817986669 0.513210004472006 0.0387989591420533
1.69646003293849 0.516617308435596 0.0696215765281142
1.75929188601028 0.521953398167495 0.100174770642923
1.82212373908208 0.529197728490245 0.130341085937256
1.88495559215388 0.53832225967961 0.160003818082758
1.94778744522567 0.549291792747987 0.189048745687617
2.01061929829747 0.562063959975558 0.217363970105806
2.07345115136926 0.576589498478184 0.244840668705795
2.13628300444106 0.592812406760854 0.271373417711835
2.19911485751286 0.610670114589712 0.296860524839014
2.26194671058465 0.630094043467132 0.321204877387512
2.32477856365645 0.651009110393979 0.344313292057268
2.38761041672824 0.673335187099043 0.36609834589375
2.45044226980004 0.696986506573105 0.38647754458352
2.51327412287183 0.721872008308693 0.405373815368485
2.57610597594363 0.747896124823099 0.422716193380888
2.63893782901543 0.774959474747278 0.438440182793314
2.70176968208722 0.802958272382446 0.45248732406919
2.76460153515902 0.83178547143659 0.464805916529151
2.82743338823081 0.861331185576103 0.475351108473654
2.89026524130261 0.891482726255407 0.484084872395836
2.95309709437441 0.92212528130512 0.490976236551906
3.0159289474462 0.953142301376448 0.496001347816318
3.078760800518 0.984415827209532 0.499143522355962
3.14159265358979 1.01582739399142 0.500393323211212
3.20442450666159 1.04725808369635 0.49974848113252
3.26725635973338 1.07858864256017 0.497213925236892
3.33008821280518 1.10970099230216 0.492801680222698
3.39292006587698 1.14047761048094 0.486530829558143
3.45575191894877 1.17080244649932 0.478427396940692
3.51858377202057 1.20056153708856 0.468524134954918
3.58141562509236 1.2296427203784 0.456860586464996
3.64424747816416 1.25793706092068 0.443482566614671
3.70707933123596 1.28533837402788 0.428442269119249
3.76991118430775 1.31174389496635 0.411797981323964
3.83274303737955 1.33705495703885 0.393613644025917
3.89557489045134 1.36117693909819 0.373958822872221
3.95840674352314 1.38401975797826 0.352908358268455
4.02123859659494 1.40549820901228 0.330542056317602
4.08407044966673 1.42553228454131 0.306944354328091
4.14690230273853 1.444047326534 0.282204153789081
4.20973415581032 1.46097437374183 0.256414444951955
4.27256600888212 1.4762506192757 0.229671598214188
4.33539786195391 1.48981897992565 0.202076140563176
4.39822971502571 1.50162937832446 0.173730452211008
4.46106156809751 1.51163788427609 0.144740265809514
4.5238934211693 1.51980731092933 0.115213629393415
4.5867252742411 1.52610749587694 0.0852598331656276
4.64955712731289 1.53051506520626 0.0549900675643793
4.71238898038469 1.53301368583439 0.024516560888769
4.77522083345649 1.53359410269907 -0.00604776007154561
4.83805268652828 1.53225416898176 -0.0365896550350523
4.90088453960008 1.52899885280184 -0.0669959665897559
4.96371639267187 1.52384021682527 -0.0971540207748022
5.02654824574367 1.51679737781197 -0.126951993911163
5.08938009881546 1.50789644088131 -0.156279308849826
5.15221195188726 1.49717040797131 -0.185027023985826
5.21504380495906 1.48465906453536 -0.213088209868319
5.27787565803085 1.47040883828325 -0.240358332246397
5.34070751110265 1.45447263480097 -0.266735623330816
5.40353936417444 1.43690965645853 -0.292121435956567
5.46637121724624 1.41778526482436 -0.316420513418471
5.52920307031804 1.39717067429019 -0.339541470672748
5.59203492338983 1.37514266964722 -0.361397143220233
5.65486677646163 1.35178352566426 -0.381904721019617
5.71769862953342 1.32718020530508 -0.400986522618647
5.78053048260522 1.30142478189103 -0.418569632863969
5.84336233567702 1.27461342911691 -0.434586753228973
5.90619418874881 1.24684657004814 -0.448976093844869
5.96902604182061 1.21822826113676 -0.461681809260686
6.0318578948924 1.1888658534028 -0.472654192254797
6.0946897479642 1.15886961852291 -0.481849874166074
6.15752160103599 1.12835252485086 -0.48923197438446
6.22035345410779 1.09742929086398 -0.494770413543537
6.28318530717959 1.06621673237992 -0.498441870182721
6.34601716025138 1.03483251138629 -0.500230067137938
6.40884901332318 1.00339539730976 -0.500125761017706
6.47168086639497 0.972024384655896 -0.498126873199042
6.53451271946677 0.940838327629053 -0.494238506623089
6.59734457253857 0.909955614111433 -0.488472975608155
6.66017642561036 0.879493715185219 -0.480849821423227
6.72300827868216 0.849568408213502 -0.471395692878396
6.78584013175395 0.820293725956977 -0.460144356621123
6.84867198482575 0.791781468408308 -0.447136631220947
6.91150383789754 0.764140357412495 -0.432420076421887
6.97433569096934 0.737476237885917 -0.416049118227829
7.03716754404114 0.711891037811004 -0.398084548035897
7.09999939711293 0.687482916150301 -0.378593629374474
7.16283125018473 0.664345475879664 -0.357649609093224
7.22566310325652 0.642567542498436 -0.3353315347057
7.28849495632832 0.622232902769994 -0.31172407269049
7.35132680940012 0.603419800777432 -0.286917038131452
7.41415866247191 0.586200601204986 -0.261004975419187
7.47699051554371 0.570641730021702 -0.234087120688023
7.5398223686155 0.556803063137013 -0.206266482517261
7.6026542216873 0.544738019309668 -0.17764996977921
7.6654860747591 0.534493156788666 -0.148347666141533
7.72831792783089 0.526108027396078 -0.118472455433187
7.79114978090269 0.51961501218039 -0.088139552162077
7.85398163397448 0.515039194759359 -0.0574660483601411
7.91681348704628 0.512398256107364 -0.0265704199026524
7.97964534011807 0.511702405687901 0.00442795263169814
8.04247719318987 0.512954333896111 0.0354091474930357
8.10530904626167 0.516149199388982 0.0662534817586959
8.16814089933346 0.52127466349319 0.0968417996622744
8.23097275240526 0.528310899715822 0.127055839128251
8.29380460547705 0.537230739154162 0.1567790756487
8.35663645854885 0.547999739388647 0.185896914914064
8.41946831162065 0.560576324246492 0.214297212720854
8.48230016469244 0.574911944684535 0.241870728335565
8.54513201776424 0.590951334713701 0.268511673593138
8.60796387083603 0.608632683950506 0.294118012835843
8.67079572390783 0.627887854027092 0.318591843830358
8.73362757697963 0.648642783342738 0.34183995581126
8.79645943005142 0.670817698212766 0.363774047539013
8.85929128312322 0.694327275899388 0.384310946350384
8.92212313619501 0.71908132346856 0.403373254126474
8.98495498926681 0.744984776619823 0.420889313507057
9.0477868423386 0.771938496280414 0.436793786280613
9.1106186954104 0.799839307966254 0.451027619082306
9.1734505484822 0.828580574839554 0.463538368277277
9.23628240155399 0.858052534037705 0.474280333105029
9.29911425462579 0.888142787416206 0.483214733931085
9.36194610769758 0.918736807923349 0.490309838224094
9.42477796076938 0.949718113796689 0.495540982838494
9.48760981384117 0.980969099430275 0.498890722091268
9.55044166691297 1.0123711596264 0.50034878995632
9.61327351998477 1.04380526223037 0.49991213730561
9.67610537305656 1.0751525297921 0.497584895172088
9.73893722612836 1.10629447520465 0.493378319765166
9.80176907920015 1.13711348082681 0.487310733982773
9.86460093227195 1.16749347259145 0.479407373819625
9.92743278534375 1.19732004827782 0.469700309564629
9.99026463841554 1.22648102213727 0.458228283752844
10.0530964914873 1.25486695465107 0.445036480048382
10.1159283445591 1.28237132654009 0.430176416190466
10.1787601976309 1.30889109679985 0.413705659149334
10.2415920507027 1.33432705546117 0.395687584275104
10.3044239037745 1.3585841120011 0.376191163611398
10.3672557568463 1.38157169135859 0.355290660527841
10.4300876099181 1.40320405707152 0.333065334565992
10.4929194629899 1.42340048601923 0.309599287201928
10.5557513160617 1.44208588880241 0.284980775981874
10.6185831691335 1.45919069646794 0.259302299577753
10.6814150222053 1.47465126480574 0.232660117133066
10.7442468752771 1.488410100109 0.205153915976999
10.8070787283489 1.50041615125575 0.176886263890747
10.8699105814207 1.51062490412089 0.147962335145482
10.9327424344925 1.51899846488065 0.118489752826356
10.9955742875643 1.52550579481029 0.0885779673086472
11.0584061406361 1.53012279228559 0.0583378818588224
11.1212379937079 1.53283233573677 0.0278816968965775
11.1840698467797 1.5336243981224 -0.0026778041385536
11.2469016998515 1.53249604129538 -0.0332273966265484
11.3097335529233 1.52945145222481 -0.0636538278794702
11.3725654059951 1.52450189526293 -0.0938444883283436
11.4353972590668 1.51766574213284 -0.123687248540538
11.4982291121386 1.508968292225 -0.153071564137583
11.5610609652104 1.49844182686407 -0.1818881596766
11.6238928182822 1.48612536103447 -0.210029954594994
11.686724671354 1.47206462881203 -0.237392059799903
11.7495565244258 1.45631179003305 -0.263872467491371
11.8123883774976 1.43892544984641 -0.289372031972109
11.8752202305694 1.41997016705644 -0.313795309482423
11.9380520836412 1.3995165580215 -0.337050402368526
12.000883936713 1.37764083709147 -0.359049625735974
12.0637157897848 1.35442456421437 -0.379709784552641
12.1265476428566 1.32995431245033 -0.398952501581803
12.1893794959284 1.30432152258419 -0.41670437898592
12.2522113490002 1.27762200863761 -0.43289742654826
12.315043202072 1.24995568649668 -0.447469264976722
12.3778750551438 1.22142622469652 -0.460363375234204
12.4407069082156 1.19214067176118 -0.471529338495148
12.5035387612874 1.16220902615865 -0.480923068940838
12.5663706143592 1.13174384763018 -0.488506997744699
12.629202467431 1.10085984320882 -0.494250243944684
12.6920343205028 1.06967343402287 -0.49812876394215
12.7548661735746 1.03830242697768 -0.500125468532581
12.8176980266464 1.00686534585073 -0.500230348888553
12.8805298797182 0.975481194509495 -0.498440526581754
12.9433617327899 0.944268949826171 -0.49476031645227
13.0061935858617 0.913347008330948 -0.489201233853265
13.0690254389335 0.88283294385697 -0.481782016044662
13.1318572920053 0.85284278318135 -0.472528538588786
13.1946891450771 0.823490810310919 -0.461473802727436
13.2575209981489 0.794888991763526 -0.448657816297663
13.3203528512207 0.767146523989908 -0.434127454192493
13.3831847042925 0.740369481858997 -0.417936337909415
13.4460165573643 0.714660349323447 -0.40014463111319
13.5088484104361 0.690117627828075 -0.380818833024498
13.5716802635079 0.66683551540423 -0.360031602823557
13.6345121165797 0.644903301886381 -0.337861292281772
13.6973439696515 0.624405437819262 -0.314392056085088
13.7601758227233 0.605420673983493 -0.289713021147856
13.8230076757951 0.588022134824171 -0.263918343698404
13.8858395288669 0.572276836459095 -0.23710663765855
13.9486713819387 0.558245462616609 -0.209380631104481
14.0115032350105 0.545982119528034 -0.180846752426629
14.0743350880823 0.535534140336973 -0.151614762666822
14.1371669411541 0.526941858991123 -0.121797243200686
14.1999987942259 0.520238470577155 -0.0915092181960783
14.2628306472977 0.515449862447246 -0.060867556209055
14.3256625003695 0.512594544278803 -0.0299906340976184
14.3884943534413 0.511683552665899 0.00100221669321793
14.451326206513 0.512720408706939 0.0319911906950889
14.5141580595848 0.515701104143941 0.062856500784665
14.5769899126566 0.52061411556919 0.0934788531435749
14.6398217657284 0.527440458391753 0.123739981820147
14.7026536188002 0.536153759434443 0.153523083003483
14.765485471872 0.546720368343898 0.182713315968165
14.8283173249438 0.559099492851103 0.211198259578799
14.8911491780156 0.573243337605773 0.238868318569619
14.9539810310874 0.589097396169312 0.265617354725228
15.0168128841592 0.606600510004295 0.291342801372098
15.079644737231 0.625685291059727 0.315946380620854
15.1424765903028 0.646278283213257 0.339334296203453
15.2053084433746 0.668300300094902 0.361417664399624
15.2681402964464 0.691666673947894 0.382112790394381
15.3309721495182 0.716287669053225 0.401341571834799
15.39380400259 0.742068860426289 0.419031791467939
15.4566358556618 0.768911470037868 0.435117343163587
15.5194677087336 0.79671271462993 0.449538450076769
15.5822995618054 0.825366391365938 0.462241966577471
15.6451314148772 0.85476300922879 0.473181412500535
15.707963267949 0.884790499346742 0.482317257176186
15.7707951210208 0.915334476763552 0.489616961415101
15.8336269740926 0.946278730510514 0.495055093520837
15.8964588271644 0.977505685921558 0.498613394611955
15.9592906802361 1.00889684934982 0.500280809356557
16.0221225333079 1.04033325528078 0.500053490782735
16.0849543863797 1.07169592595512 0.497934778048054
16.1477862394515 1.10286631324625 0.493935146438149
16.2106180925233 1.13372675000025 0.488072130966905
16.2734499455951 1.16416088716456 0.480370224616996
16.3362817986669 1.19405413121156 0.47086075051925
16.3991136517387 1.22329407370106 0.459581708361899
16.4619455048105 1.2517709029908 0.446577599401164
16.5247773578823 1.27937781010499 0.431899227451648
16.5876092109541 1.30601131348849 0.415603521346211
16.6504410640259 1.33157179326487 0.397753207521131
16.7132729170977 1.35596362504445 0.378416698483614
16.7761047701695 1.37909576613607 0.357667656210084
16.8389366232413 1.40088190970256 0.33558482484071
16.9017684763131 1.42124080025372 0.312251750581949
16.9646003293849 1.44009670524151 0.287756255123015
17.0274321824567 1.45737941256488 0.26219041249747
17.0902640355285 1.4730245854658 0.235650141277973
17.1530958886003 1.48697412727398 0.208234627798971
17.2159277416721 1.49917625776017 0.18004612859566
17.2787595947439 1.50958568301967 0.151189653142823
17.3415914478157 1.51816378718823 0.121772537237963
17.4044233008875 1.52487878608411 0.0919039740809313
17.4672551539593 1.52970577714397 0.0616948458929587
17.530087007031 1.53262688282194 0.0312571230661413
17.5929188601028 1.53363128094065 0.000703561978637808
17.6557507131746 1.53271524964124 -0.029852527008161
17.7185825662464 1.52988218284146 -0.0602980684254446
17.7814144193182 1.52514257380382 -0.0905202043415726
17.84424627239 1.5185139997283 -0.120406818375806
17.9070781254618 1.51002100412612 -0.149847141041921
17.9699099785336 1.49969509841001 -0.178731743646801
18.0327418316054 1.48757456454455 -0.206953275499662
18.0955736846772 1.47370438626885 -0.234406617392899
18.158405537749 1.45813605130163 -0.260989370147565
18.2212373908208 1.44092742167327 -0.286602122394573
18.2840692438926 1.42214243313479 -0.311148965170202
18.3469010969644 1.4018510462432 -0.334537589942506
18.4097329500362 1.38012883092263 -0.356679872468866
18.472564803108 1.35705677873198 -0.37749208822826
18.5353966561798 1.33272093611574 -0.396895298036065
18.5982285092516 1.3072122112086 -0.41481554471158
18.6610603623234 1.28062590941515 -0.431184249511029
18.7238922153952 1.25306156611354 -0.445938359295684
18.786724068467 1.22462245492501 -0.459020696530402
18.8495559215388 1.19541524003393 -0.470380170002676
18.9123877746106 1.16554962580046 -0.4799719762902
18.9752196276823 1.13513789369785 -0.487757819745185
19.0380514807541 1.10429454083412 -0.493706067351262
19.1008833338259 1.07313586768794 -0.497791905119999
19.1637151868977 1.04177946224546 -0.499997480182944
19.2265470399695 1.01034384070572 -0.500311988480906
19.2893788930413 0.978948011096631 -0.498731761953685
19.3522107461131 0.947710898912598 -0.495260314886901
19.4150425991849 0.916751051467197 -0.489908371087004
19.4778744522567 0.886186119548234 -0.482693864793371
19.5407063053285 0.856132331542791 -0.473641885721016
19.6035381584003 0.826704217286229 -0.462784661558394
19.6663700114721 0.7980139522293 -0.450161404804934
19.7292018645439 0.770171125160006 -0.435818263651824
19.7920337176157 0.743282159966167 -0.419808116283822
19.8548655706875 0.717449952766562 -0.402190410779723
19.9176974237593 0.692773471672537 -0.383030962919444
19.9805292768311 0.669347389634983 -0.362401747374996
20.0433611299029 0.647261586075118 -0.340380528422056
20.1061929829747 0.626601023930706 -0.317050792125692
20.1690248360465 0.607445125423034 -0.292501159887081
20.2318566891183 0.589867640983817 -0.266825232939979
20.2946885421901 0.573936273541643 -0.240121143253718
20.3575203952619 0.559712417711108 -0.21249117187527
20.4203522483337 0.547250936962097 -0.184041389753998
20.4831841014055 0.536599916668954 -0.154881193715435
20.5460159544772 0.5278004823394 -0.125122901996759
20.608847807549 0.520886611305425 -0.0948812353073527
20.6716796606208 0.515885018222464 -0.0642729263772209
20.7345115136926 0.512815031589896 -0.0334162033454986
20.7973433667644 0.511688516889619 -0.00243031145257372
20.8601752198362 0.512509828371498 0.0285649746066211
20.923007072908 0.515275791262837 0.0594498416144601
20.9858389259798 0.519975714642119 0.0901049284959297
21.0486707790516 0.526591434984179 0.1204118154707
21.1115026321234 0.535097390589656 0.150253509784682
21.1743344851952 0.545460727480596 0.179514926449621
21.237166338267 0.557641435289334 0.20808335705142
21.2999981913388 0.571592508496592 0.235848918891663
21.3628300444106 0.587260116218465 0.262704963846665
21.4256618974824 0.604583890643467 0.288548626141778
21.4884937505542 0.623497091064869 0.313281082178291
21.551325603626 0.643926898389474 0.336807998805475
21.6141574566978 0.665794733354165 0.359039928495121
21.6769893097696 0.689016580156832 0.379892648923052
21.7398211628414 0.713503227242857 0.399287399025977
21.8026530159132 0.739160726841692 0.417151278813067
21.865484868985 0.765890767181818 0.433417499155566
21.9283167220568 0.79359105740722 0.448025608061471
21.9911485751286 0.82215564544943 0.460921659379298
22.0539804282003 0.85147548404529 0.472058472318733
22.1168122812721 0.881438718147431 0.481395716986369
22.1796441343439 0.911931188721058 0.488900073435597
22.2424759874157 0.942836876990199 0.494545323587658
22.3053078404875 0.97403833837101 0.498312412339938
22.3681396935593 1.00541715622092 0.500189485686378
22.4309715466311 1.03685439924259 0.500171899312521
22.4938033997029 1.06823106670429 0.498262198399589
22.5566352527747 1.09942854564296 0.494470070669471
22.6194671058465 1.13032902957285 0.488812277316976
22.6822989589183 1.16081602045093 0.481312544545923
22.7451308119901 1.19077471444553 0.472001443977028
22.8079626650619 1.22009243901253 0.460916243269054
22.8707945181337 1.24865905051175 0.448100743440943
22.9336263712055 1.27636738945863 0.433605064115879
22.9964582242773 1.3031136401745 0.417485437225169
23.0592900773491 1.32879765010041 0.399804014454436
23.1221219304209 1.35332341599681 0.380628538934901
23.1849537834927 1.37659933577202 0.360032131357938
23.2477856365645 1.3985385648315 0.338092988001848
23.3106174896363 1.41905928548564 0.314894127238851
23.3734493427081 1.43808511030705 0.290522953463059
23.4362811957799 1.45554522425798 0.265071067416293
23.4991130488517 1.47137466595192 0.238633919783523
23.5619449019235 1.4855146103405 0.211310388998587
23.6247767549952 1.49791255674508 0.183202435189747
23.687608608067 1.50852250272488 0.154414741630649
23.7504404611388 1.51730507914872 0.125054417940775
23.8132723142106 1.52422773131129 0.0952305074909978
23.8761041672824 1.52926481069975 0.0650536242890224
23.9389360203542 1.53239763703049 0.0346357517853354
24.001767873426 1.53361461507243 0.00408952980961541
24.0645997264978 1.53291123302031 -0.0264718244349929
24.1274315795696 1.5302900971 -0.0569351148795237
24.1902634326414 1.52576091835523 -0.0871874522091656
24.2530952857132 1.51934048075008 -0.117116677791978
24.315927138785 1.51105257292345 -0.146611788652597
24.3787589918568 1.50092793714081 -0.175563204662367
24.4415908449286 1.48900409965774 -0.203863359098083
24.5044226980004 1.47532532421664 -0.231406828283713
24.5672545510722 1.45994239546166 -0.258090884940472
24.630086404144 1.4429124454386 -0.283815826996906
24.6929182572158 1.42429878458173 -0.308485283687077
24.7557501102876 1.40417068568247 -0.332006573972484
24.8185819633594 1.38260312391776 -0.354291076100273
24.8814138164312 1.35967647338768 -0.375254589373957
24.944245669503 1.33547627653891 -0.394817589306114
25.0070775225748 1.31009288703239 -0.412905578003935
25.0699093756465 1.28362116091671 -0.429449350866011
25.1327412287183 1.25616017858202 -0.444385232597313
25.1955730817901 1.22781279371108 -0.457655394255251
25.2584049348619 1.19868533484716 -0.469208046993413
25.3212367879337 1.16888717339723 -0.478997685665109
25.3840686410055 1.13853033481486 -0.486985279850738
25.4469004940773 1.1077291289247 -0.493138442642075
25.5097323471491 1.07659960434172 -0.497431612595996
25.5725642002209 1.0452593032605 -0.499846148526285
25.6353960532927 1.01382661233504 -0.500370467329684
25.6982279063645 0.982420508654461 -0.499000104752018
25.7610597594363 0.951159975974926 -0.495737779361208
25.8238916125081 0.920163602499832 -0.490593413972985
25.8867234655799 0.889549174539762 -0.48358414695899
25.9495553186517 0.859433095332967 -0.474734277836155
26.0123871717235 0.829930102625138 -0.464075246143162
26.0752190247953 0.801152663189797 -0.451645500426924
26.1380508778671 0.773210652938764 -0.437490417434127
26.2008827309389 0.746210887430452 -0.421662147789937
26.2637145840107 0.720256676936524 -0.404219425426467
26.3265464370825 0.69544745089914 -0.385227380141954
26.3893782901543 0.671878314542818 -0.364757265805627
26.4522101432261 0.649639792803204 -0.342886303799745
26.5150419962979 0.628817327316054 -0.319697283650476
26.5778738493697 0.609490998105312 -0.295278299965659
26.6407057024414 0.591735205809205 -0.269722428015094
26.7035375555132 0.575618325484106 -0.243127299276159
26.766369408585 0.561202474718109 -0.215594772512594
26.8292012616568 0.548543248468072 -0.187230514207284
26.8920331147286 0.537689485203789 -0.158143553021453
26.9548649678004 0.528683099548923 -0.128445924218426
27.0176968208722 0.521558868068997 -0.0982521069425008
27.080528673944 0.51634431468867 -0.0676786274118364
27.1433605270158 0.513059591651995 -0.0368435745638253
27.2061923800876 0.511717394486462 -0.00586610632506703
27.2690242331594 0.512322911037842 0.0251340380712041
27.3318560862312 0.514873800626335 0.0560370244716408
27.394687939303 0.519360203413618 0.0867234176770134
27.4575197923748 0.525764780604891 0.117074669648457
27.5203516454466 0.53406278709831 0.146973611301441
27.5831834985184 0.544222170755021 0.176304920264509
27.6460153515902 0.556203695210214 0.204955575754012
27.708847204662 0.569961132753992 0.232815392950192
27.7716790577338 0.585441401878396 0.259777346118749
27.8345109108056 0.602584836589585 0.285738111693082
27.8973427638774 0.621325384112694 0.310598394213171
27.9601746169492 0.641590895473203 0.334263361057681
28.023006470021 0.663303437156476 0.35664302783954
28.0858383230928 0.686379522575116 0.377652519574243
28.1486701761645 0.710730545647896 0.397212501541065
28.2115020292363 0.736263060296174 0.415249403523422
28.2743338823081 0.762879211667088 0.431695740691303
28.3371657353799 0.790477112260405 0.446490339187288
28.3999975884517 0.81895124620066 0.459578547707993
28.4628294415235 0.848192840631268 0.470912404387748
28.5256612945953 0.878090356312793 0.480450823924397
28.5884931476671 0.908529862912831 0.488159701421507
28.6513250007389 0.939395516580567 0.494012025785725
28.7141568538107 0.970570018816789 0.497987947706272
28.7769887068825 1.00193503588698 0.500074813186256
28.8398205599543 1.03337166396406 0.500267179138506
28.9026524130261 1.0647608858345 0.498566796823778
28.9654842660979 1.09598402404091 0.494982566722788
29.0283161191697 1.12692317905314 0.48953046793243
29.0911479722415 1.15746167698439 0.482233461019195
29.1539798253133 1.18748449639101 0.473121368241508
29.2168116783851 1.2168787000576 0.462230727685359
29.2796435314569 1.24553387883531 0.449604611943875
29.3424753845287 1.27334249787894 0.435292460099853
29.4053072376005 1.30020034534026 0.41934984337657
29.4681390906723 1.32600686034275 0.401838260730729
29.5309709437441 1.35066556334853 0.382824847634829
29.5938027968159 1.37408432411895 0.36238216302888
29.6566346498876 1.39617577517742 0.340587841686544
29.7194665029594 1.41685753939784 0.317524368568731
29.7822983560312 1.4360526023769 0.293278689682265
29.845130209103 1.45368950531243 0.267941977036008
29.9079620621748 1.4697026397941 0.241609257954636
29.9707939152466 1.48403250636593 0.214379019470887
30.0336257683184 1.49662588069045 0.186352918123349
30.0964576213902 1.50743602000819 0.15763538718882
30.159289474462 1.51642283651426 0.12833322529494
30.2221213275338 1.52355300769686 0.098555287436741
30.2849531806056 1.52880010262113 0.0684120897085831
30.3477850336774 1.53214467777799 0.0380154121916421
30.4106168867492 1.53357434416754 0.00747789425227153
30.473448739821 1.53308380548189 -0.0230873275956969
30.5362805928928 1.5306748784314 -0.0535670223090199
30.5991124459646 1.52635648640886 -0.0838482538006044
30.6619442990364 1.52014462932998 -0.113818769985713
30.7247761521082 1.51206233383263 -0.143367376375612
30.78760800518 1.50213956175857 -0.172384372571661
30.8504398582518 1.4904131110606 -0.20076190024581
30.9132717113236 1.47692648988246 -0.228394320438342
30.9761035643954 1.46172976339828 -0.255178592827063
31.0389354174672 1.44487940087102 -0.281014609934002
31.101767270539 1.42643801310138 -0.305805659120832
31.1645991236107 1.40647422223797 -0.329458632019618
31.2274309766825 1.38506239641185 -0.351884425785248
31.2902628297543 1.36228230455383 -0.372998355260612
31.3530946828261 1.33821894248326 -0.39272034882952
31.4159265358979 1.31296212388667 -0.410975352560404
